no	class	v1	v2	v3	v4	v5	v6	v7	v8	v9	v10	v11	v12	v13	v14	v15	v16	v17	v18	v19	v20	v21
1	0	-0.12	-0.94	1.29	2.59	2.42	3.55	4.94	3.25	1.9	2.07	0.51	1.45	2.5	0.12	1.41	2.78	0.64	0.62	-0.01	-0.79	-0.12
2	0	0.14	-1.18	1.42	2.28	3.1	3.15	3.49	4.54	1.4	3.41	3.4	2.83	0.06	0.6	3.61	2.08	-0.83	0.55	-0.55	-0.43	-1.05
3	0	1.32	-0.4	-0.69	4.17	3.66	4	5.24	3.88	2.17	1.82	3.65	1.01	1.82	1.13	-0.07	0.26	0.5	1.38	1.25	-1.34	0.53
4	0	-0.51	-0.48	0.35	-1.67	0.26	2.45	-0.09	2.03	0.79	1.42	1.13	2.52	2.06	4.5	4.28	4.66	3.3	0.38	0.75	1.76	0.37
5	0	-1.43	-0.46	-0.52	1.45	0	1.35	1.39	0.81	0.03	1.39	2.55	2.42	3.07	5.46	6.29	6.5	4.6	3.77	1.62	1.01	-1.86
6	0	0.97	0.72	-0.64	-0.87	0.66	0.8	-0.47	0.55	0.57	0.3	1.97	2.48	3.13	2.53	6.35	5.24	4.37	3.77	0.47	2.25	-0.3
7	0	-0.96	0.13	0.13	-0.7	2.89	1.26	3.48	4.36	0.59	2.37	2.02	2.62	2.75	2.6	3.66	3.06	1.41	1.09	1.25	-0.29	-0.41
8	0	0.36	0.4	0.73	1.91	1.44	3.17	2.72	3.6	1.02	3.27	1.06	1.54	3.44	2.45	2.58	-0.48	1.02	-0.01	2.42	0.71	-0.81
9	0	-0.47	0.46	4.5	3.1	3.39	4.79	6.43	3.7	4.09	2.03	0.87	1.78	-0.78	-1.88	-2.09	0.29	0.01	0.06	-0.76	1.5	0.5
10	0	0.2	1.35	-0.74	-0.21	4.44	3.82	5.31	4.13	2.85	1.81	-1.38	1.08	0.65	-0.38	0.64	-0.38	0.23	0.75	1.05	2.09	-0.07
11	0	-0.84	0.96	2.33	4.86	5.01	5.57	6.62	4.6	3.42	2.86	0.31	0.53	0.2	-1.77	-0.41	-0.36	0.56	-0.15	0.26	-0.89	0.86
12	0	-0.94	1.51	1.41	2.49	1.54	2.29	4.48	4.1	2.39	1.51	1.09	1.32	0.72	4.28	2.25	0.06	0.76	0.53	-0.01	0.98	-1.48
13	0	0.25	0.56	2.37	1.03	0.21	-0.72	1.73	0.34	0.64	1.84	2.98	2.3	4.71	5.47	4.83	4.21	2.42	1.78	1.69	-0.18	0.65
14	0	1.91	1.66	1.61	3.71	1.26	4.74	4.57	2.65	4.8	3.47	1.42	2.75	0.33	1.88	1.63	1.42	1.12	0.81	-1.3	0.85	-1.98
15	0	-0.8	0.75	1.73	1.09	0.71	3.2	1.87	-0.52	0.96	0.72	2.15	3.32	2.91	4.37	2.58	4.32	0.83	0.6	1.6	1.17	1.64
16	0	-1.41	1.77	1.92	3.66	2.74	1.89	3.16	2.97	2.3	3.65	2.66	0.68	2.29	1.32	2.07	2.72	1.44	0.86	0	-0.96	-0.18
17	0	1.11	-1.25	0.16	0.62	0.9	0.18	0.64	1.88	-0.02	1.57	2.95	4.32	3.3	4.65	5.54	4.4	1.25	4.69	1.7	1.8	0.31
18	0	0.16	0.95	0.32	1.58	0.95	1.3	2.71	-0.02	0.07	2.09	1.5	1.09	3.44	4.96	2.85	2.92	2.5	1.87	-0.01	3.13	0.58
19	0	-1.57	-0.68	1.36	0.55	3.18	1.99	2.46	1.3	-0.09	1.26	2.86	1.69	1.38	3.57	2.91	1.78	0.59	1.45	1.57	2.57	0.15
20	0	0.13	0.37	1.83	4.13	2.16	2.85	4.13	2.95	2.17	2.58	2.89	2.21	3.09	0.28	2.2	3	2.68	0.22	1.35	1.22	-0.03
21	0	0.46	1.21	0.65	1.05	4.47	4.46	5.1	2.55	4.23	3.77	1.94	1.34	1.01	0.84	0.55	1.77	1.93	2.21	1.5	1.35	0.09
22	0	-0.03	0.87	0.97	-0.78	0.41	2.06	2.95	1.96	2.45	1.12	2.64	1.76	1.27	3.13	2.76	2.33	0.96	1.53	2.4	0.64	-1.45
23	0	-0.7	-1.25	3.31	2.24	4.6	2.67	5.56	1.96	1.91	1.38	2.71	2.69	1.36	2.48	0.24	2.42	1.05	0.97	0.12	0.47	-1.67
24	0	0.68	-0.21	-1.23	-0.28	1.08	0.47	3.29	1.48	1.45	0.07	0.71	3.49	2.34	2.95	3.88	3.46	1.33	1.15	2.09	0.63	0.12
25	0	-1.58	2.09	1.38	2.14	4.06	3.92	4.74	4.37	4.93	1.2	1.65	1.8	0.53	1.89	-0.03	1.04	0.98	0.55	1.11	0.3	-0.19
26	0	0.38	0.65	2.83	1.74	2.58	3.79	4.67	4.82	4.89	4.1	2.15	2.19	1.6	2.19	2.54	0.44	-0.49	-0.26	0.36	-0.69	0.74
27	0	0.83	0.33	0.86	1.37	3.17	3.93	4.04	2.46	3.33	3.45	3.13	-0.9	2.7	1.74	1.28	1.73	0.98	0.96	1.13	-0.07	-1.27
28	0	-0.15	0.97	1.41	2.51	3.57	3.79	6.19	5.09	1.99	2.79	2.79	1.43	0.48	-0.8	1.54	0.91	1.51	0.97	0.59	0.03	0.5
29	0	-1.28	0.44	0.28	-0.3	2.41	-0.81	0.93	0.5	1.85	1.53	1.28	4.19	2.47	2.76	5.49	3.28	3	1.4	2.39	2.04	-0.63
30	0	-1.36	0.39	-0.71	1.5	4.03	4.61	6.23	3.01	3.63	3.54	4.01	0.69	1.29	0.83	1.25	-0.7	1.86	0.52	-0.63	1.9	-0.37
31	0	2.37	1.24	1.04	1.86	2.81	2.34	2.05	2.34	2.76	1.06	2.33	1.34	2.2	3.68	2.7	1.52	3.16	0.51	2.27	1.7	-0.79
32	0	0.58	-0.18	0.97	2.94	2.35	3.19	4.18	0.68	2.31	2.65	1.63	2.06	1.79	1.62	2.04	2.82	3.27	1.42	1.76	2.12	0.18
33	0	0.65	0.05	0.53	5.66	3.01	6.64	5.15	4.12	4.56	3.35	3.02	-0.53	1.26	-1.11	-1.57	-0.84	1.26	-0.22	-1.75	-0.14	0.39
34	0	0.49	-0.12	-0.42	0.54	1.93	2.98	3.66	4.78	1.8	2.11	3.33	2.14	2.65	0.84	3.16	2.7	2.41	1.3	0.77	0.97	0.26
35	0	-0.31	1.49	0.86	0.36	3.01	2.81	3.42	1.63	2.3	0.89	0.62	1.72	2.32	3.16	3.85	2.83	1.75	1.71	0.21	1.28	0.78
36	0	2.51	0	0.85	2.12	1.42	2.59	3.14	2.38	3.23	2.58	2.59	1.93	2.35	1.9	2.2	3.97	2.13	3.49	2.31	1.86	0.26
37	0	-0.82	-0.19	0.27	1.45	1.5	0.49	-0.88	0.74	0.4	2.38	2.07	3.24	4.84	5.42	5.67	4.68	4.96	2.56	1.36	1.32	0.12
38	0	-0.82	0.14	0.17	0.81	0.18	2.4	1.87	2.61	0.23	2.52	2.3	2.67	-0.01	3.52	1.22	2.72	3.19	3.37	3.12	1.6	-0.33
39	0	-1.87	3.15	-0.08	0.78	2.66	1.62	4.64	1.59	2.65	-0.72	2.21	3.64	2.78	4.79	5.28	1.1	3.34	1.78	1.32	1.15	-0.71
40	0	-0.27	-0.26	2.37	1.79	2.48	3.46	3.16	2.99	0.62	2.06	2.24	2.87	2.36	0.44	3.42	-0.44	1.31	1.58	0.3	1.31	-0.2
41	0	-0.72	-0.01	2.1	1.42	3.22	3.18	5.91	4.89	4.16	2.93	1.67	-0.36	1.56	2.55	-0.02	0.42	0.46	1.59	0.11	1.51	-1.8
42	0	-0.05	0.59	1.44	0.1	4.25	4.25	4.13	4.05	2.52	2.94	2.05	2.24	0.37	1.32	0.16	1.6	1.41	1.18	1.56	-0.37	0.08
43	0	0.09	0.96	2.55	4.53	4.35	3.15	6.64	4.79	4.24	3.57	1.47	0.95	0.61	0.42	1.13	1.36	1.19	-1.43	0.06	0.37	0.24
44	0	-1.98	0.24	3.63	2.2	1.72	4.81	5.48	3.55	3.55	1.84	1.89	1.9	0.66	2.05	3.07	1.88	1.9	1.3	0.24	1.33	1.91
45	0	-2.01	1.38	3.15	-0.22	3.47	3.1	3.79	2.16	3.65	3.17	0.72	2.08	3.26	1.92	3.76	3.12	2.42	2.79	0.8	0.43	1.67
46	0	0.57	0.18	2.14	1.46	1.91	0.9	3.17	2.3	0.73	2.2	2.68	0.53	2.42	3.52	3.69	3.26	1.62	3.77	1.4	0.03	2.64
47	0	1.16	1.72	2.54	1.15	4.04	5.3	4.34	4.18	4.67	2.61	0.62	1.81	0.19	0.87	-0.14	0.72	0.93	-0.77	-0.08	0.74	0.38
48	0	-0.86	-0.72	-0.63	0.01	-0.26	-1.11	0.02	0.8	-0.19	-0.02	0.48	3.66	3.39	4.68	5.35	5.38	2.94	2.07	-0.1	0.41	-1.53
49	0	0.79	0.22	1.49	2.36	3.48	2.95	3.56	1.9	3.71	3.64	2.18	3.97	1.42	2.9	1.76	1.1	1.29	2.45	-1.05	0.47	0.57
50	0	1.03	0.86	1.52	0.62	1.17	0.8	4.1	4.07	2.35	2.4	0.36	1.8	2.34	2.12	4.02	2.26	1.16	3.61	0.25	0.33	-0.2
51	0	-1.2	0.93	1.76	2.67	3.89	2.39	3.67	4.89	4.06	2.62	2.73	1.61	2.47	1.18	2.21	0.91	3.01	0.2	-0.63	1.44	1.29
52	0	-0.14	0.38	1.34	3.57	2.93	4.58	3.67	2.82	3.15	3.8	1.7	2.58	-0.84	0.63	-1	2.16	0.87	0.69	-0.34	-0.12	-0.04
53	0	0.56	0.65	1.17	0.8	1.52	-0.02	-0.32	-1.25	1.8	-0.07	1.83	4.37	3.79	2.84	6.07	3.79	2.48	1.72	2.06	0.77	-0.19
54	0	-0.03	0.93	1.59	2.99	3.42	4.39	3.81	3.15	1.83	1.02	2.37	2.28	0.89	0.42	0.58	1.73	1.61	-0.7	1.19	0.49	-0.15
55	0	-0.03	2.54	2.62	2.44	3.41	5.67	3.71	6.12	3.09	2.68	2.22	0.83	1.69	0.43	-0.68	-0.12	0.85	0.32	-0.62	-0.24	-0.75
56	0	1.74	1.49	-0.09	2.15	1.73	2.46	5.13	3.1	0.94	4.32	2.62	2.39	0.71	1.94	1.33	1.09	0.52	1.44	0.17	0.94	-1.68
57	0	1.42	-0.14	0.61	1.17	2.7	1.35	3.66	2.17	1.65	3	3.7	3.19	0.66	1.95	4.26	-0.35	1.6	1.95	-0.7	1.17	-1.39
58	0	-0.53	1.14	0.41	1.68	2.59	0.25	3.57	2.34	1.79	1.89	1.4	3.26	3.32	1.65	2.5	1.61	2.42	2.18	2.99	1.37	0.02
59	0	-0.21	1.78	0.1	-0.36	1.2	2.75	0.68	3.51	2	2.27	3.51	2.72	2.56	2.11	3.73	3.45	1.64	2.62	2.88	2.1	-0.18
60	0	0.16	1.43	0.74	2.47	0.81	0.99	2.54	3.63	2.56	1.09	2.56	2.99	1.04	3.61	4.43	1.94	2.16	0.11	0.99	0.24	-1.64
61	0	0.97	0.97	1.69	1.92	4.2	3.22	5.18	2.77	2.43	3.46	-0.12	1.07	1.65	0.68	2.02	2.69	-0.02	1.49	-0.73	1.61	-0.19
62	0	-1	0.04	0.24	-0.39	-1.02	0.14	-0.26	0.51	-0.75	0.59	3.74	1.81	2.93	5.06	5.23	4.25	0.37	2.98	2.86	1.63	0.46
63	0	-0.62	-0.73	-1.33	0.57	1.24	1.26	2.26	2.7	2	1.58	3.32	1.62	3.04	3.31	4.42	3.72	2.27	0.92	2.04	-0.19	-2.13
64	0	-1.82	1.99	1.33	2.37	2.53	5.14	3.51	3.69	4.71	2.12	2.23	2.81	1.21	2.43	2.92	0.85	1.43	3.11	-0.25	0.62	0.23
65	0	0.57	0.23	3.42	2.97	2.68	2.61	3.67	1.95	2.61	2.91	1.45	1.18	1.2	2.87	1.24	-0.05	0.52	0.51	1.03	-0.23	-0.27
66	0	-0.21	1.1	2.3	2.74	2.03	4.21	3.68	1.73	4.48	4.54	1.83	-1.04	1.45	1.95	1.74	0.2	3.14	0.62	-0.51	-0.24	-0.44
67	0	1.91	-0.68	0.93	2.01	2.62	3.04	3.18	3.16	0.65	0.83	2.56	0.86	1.09	2.33	2.75	2.36	1.93	2.86	1.3	0.5	-0.86
68	0	-1.01	0.31	2.02	2.87	1.21	1.08	3.26	1.33	1.91	1.13	0.81	0.96	2.34	1.54	3.12	3.53	3.86	0.56	0.08	-0.16	-0.1
69	0	-0.93	-0.23	-0.4	3.04	-1.71	1.8	1.58	0.97	-1.48	2.48	1.94	3.82	4.59	3.88	7.68	4.11	4.28	3.67	1.22	-0.03	1.06
70	0	-0.29	-1.69	2.18	1.98	2.78	3.96	4.4	1.86	2.43	2.15	2.64	1.92	1.71	0.91	1.99	1.49	1.25	1.21	1.44	0.27	-0.25
71	0	-0.01	2.75	1.2	-0.2	4.05	2.76	4.97	4.43	2.21	3.51	1.24	0.71	2.45	1.16	2.36	2.19	2.6	0.04	0.11	0.76	2.95
72	0	-1.16	1.27	1.42	-0.6	1.09	0.35	0.27	-0.39	0.26	2.23	2.87	3.77	4.49	2.68	5.25	2.91	0.82	2.51	2.28	0.66	-0.6
73	0	-0.11	0.3	2.74	0.96	4.59	7.62	6.19	5.73	1.41	1.2	2.52	2.02	0.63	0.74	1.6	0.84	-1.23	0.7	-0.12	-0.62	0.98
74	0	-0.02	0.79	-1.32	-0.17	0.95	2.31	0.12	1	0.26	1.69	1.72	2.97	2.2	4.61	6.44	4.66	5.46	3.55	1.55	0.67	0.27
75	0	-1.28	1.03	0.38	0.67	2.87	0.4	2.42	1.55	2.24	1.13	0.56	4.12	2.13	3.23	3.27	2.22	2.82	-0.13	1.23	-0.82	-0.33
76	0	1.68	-0.38	0.32	0.9	-1.13	2.88	1.52	0.02	2.01	0.8	2.53	1.79	3.48	4.95	5.64	5.96	2.56	3.8	1.59	1.18	-0.79
77	0	0.36	0.82	1.26	1.82	1.86	1.61	2.36	0.81	1.77	2.53	2.75	2.87	3.37	2.23	5.16	5.43	2.98	4.22	2.27	0.97	-0.86
78	0	-0.91	-0.47	0.65	0.74	-0.24	-0.19	2.44	2.35	1.64	0.79	0.53	3.16	5.25	1.85	5.55	3.86	3.63	2.8	1.51	0.47	0.36
79	0	-0.63	-0.58	1.36	1.85	0.98	0.44	1.91	1.5	1.37	1.16	1.72	2.48	3.48	3.02	3.88	2.95	3.37	1.58	-0.74	2.03	-0.33
80	0	0.32	-0.78	0.47	1.65	1.42	2.76	3.2	3.2	2.43	0.32	2.67	1.94	2.57	2.27	2.24	2.83	0.45	0.84	-0.59	-0.29	0.32
81	0	-0.81	-0.36	3.08	3.45	3.41	4.99	4.51	4.04	3.6	3.24	2.67	2.83	-1.08	-1.22	-0.61	0.16	0.14	1.04	-1.89	0.81	-0.27
82	0	-0.81	0.2	1.88	1.45	3.47	2.96	5.51	4.42	4.52	2.51	2.71	0.91	1.96	-0.58	1.8	-0.68	-0.53	1.99	-0.42	0.18	1.29
83	0	-1.79	-0.05	1.03	3.34	3.51	2.05	4.07	2.24	3.71	1.54	1.41	1.3	-0.04	1.82	2.21	2.91	1.74	-0.17	-0.27	-1.56	0.44
84	0	0.59	-0.65	1.84	2.68	0.82	2.21	3.77	0.47	1.96	1.8	1.06	2.35	4.51	3.32	2.34	2.86	2.44	2.37	2.33	0.24	-0.82
85	0	0.91	-1.83	1.53	0.59	1.44	3.21	2.59	3.79	3.01	2.11	1.58	-0.72	1.88	2.47	3.66	1.41	2.8	0.36	1.58	-0.14	0.45
86	0	1.9	0.24	1.22	2.24	1.92	1.18	5.09	3.67	1.42	1.78	-0.11	1.76	0.54	0.62	1.14	1.48	3.21	0.08	-0.48	1.36	-0.72
87	0	-0.6	0.27	-0.21	0.65	1.1	0.68	1.91	0.85	-0.82	0.25	0.99	2.86	5.59	1.97	5.69	4.35	4.91	1.74	0.57	-0.46	0.44
88	0	1.59	0.35	0.92	0.82	-1.63	-0.77	-1.31	1.38	0.87	1.55	1.04	2.89	3.56	4.77	7.41	4.27	6.61	2.47	2.01	1.36	-0.48
89	0	-0.4	0.52	3.01	2.4	4.43	3.41	4.21	5.09	2.93	2.61	1.15	0.79	0.36	2.2	0.61	1.91	-0.02	2.48	0.75	0.24	-0.08
90	0	0.69	0.98	1.99	2.13	3.37	6.43	6.22	5.3	3.58	1.59	0.48	1.53	1.16	1.27	-0.07	0.24	0.25	-1.1	0.54	0.46	-0.03
91	0	0.16	0.52	-0.3	0.96	3.66	0.43	1.74	2.48	1.46	0.36	0.78	2.29	2.56	4.24	5.15	2.98	3.27	2.6	2.98	1.01	0.07
92	0	0.09	-1.78	0.87	1.5	3.21	2.98	4.59	3.9	2.92	3.66	2.45	1.54	0.13	1.47	2.9	-0.94	1.12	0.63	1.03	0.13	1.47
93	0	0.51	1.02	-0.21	0.41	-1.22	-0.44	1.31	0.69	1.24	-0.07	3.29	3.63	4.53	5.3	7.01	6.56	4.38	3.14	1.14	1.41	-0.15
94	0	-1.65	1.39	1	2.58	1.21	2.56	1.71	1.85	1.67	0.47	1.01	2.46	1.31	3.58	4.13	3.54	3.67	2.43	1.16	-0.02	0.84
95	0	0.43	0.62	0.45	0.98	2.51	4.62	6.21	3.13	1.54	3.68	4.03	0.99	-0.41	0.82	1.26	0.98	1.96	-1.15	-0.66	-0.28	-0.21
96	0	0.07	2.13	2.11	-0.27	1.91	3.85	2.07	2.14	1.97	2.16	-0.12	0.87	2.15	1.8	4.64	2.92	2.15	1.22	3.65	-1.45	-0.55
97	0	0.2	2.53	0.59	1.96	0.15	1.87	3.57	-0.1	1.28	1.48	3.4	3.57	4.83	3.79	3.68	3.65	2.23	0.65	0.92	1.85	2.14
98	0	-1.23	0.06	0.95	0.25	-1.13	2.59	0.72	1.1	1.99	1.17	2.25	3.67	4.62	6.77	6.26	5.78	4.54	2.88	2.11	-0.63	0.52
99	0	-0.51	0.47	1.31	0.05	0.88	0.41	2.76	0.9	0.5	3.33	1.12	3.23	1.7	2.04	5.8	2.98	3.15	0.44	3.11	2.84	-1.93
100	0	-1.2	0.93	1.67	3.74	2.67	5.66	3.9	1.77	3.44	0.79	2.01	2.23	2.96	1.37	-0.02	1.85	-1.89	1.36	-0.11	-0.73	0.1
101	0	0.84	2.55	0.75	0.74	2.62	1.93	1.84	4.11	0.72	1.08	3.1	2.13	1.97	3.12	4.72	2.36	1.73	0.93	1.86	0.09	0.6
102	0	-0.7	1.88	1.93	0.42	2.28	0.22	2.05	1.32	2.9	0.58	1.41	3.08	0.99	2.18	3.17	3.93	2.03	2.83	1.31	-0.27	0.33
103	0	-0.71	1.8	1.52	-1.11	1.38	1.64	0.89	0.21	0.64	1.32	2.15	3.88	3.32	4.08	5.48	2.87	2.36	3.64	1.76	0.63	0.3
104	0	-0.67	-0.4	0.55	0.92	0.92	0.74	2.42	0.08	1.46	0.56	1.96	1.14	2.48	3.04	4.82	4.27	3.66	2.18	-0.13	2.61	-0.87
105	0	-0.35	0.98	1.07	3.52	3.14	4.2	5.41	3.76	1.02	2.41	2.7	2.22	1.07	1.91	0.6	1.27	0.85	1.12	0.42	0.42	1.08
106	0	1.77	-0.44	1.07	3.49	0.72	2.5	2.81	3.38	1.69	1.14	1.36	3.15	2.76	1.64	2.19	2.51	0.7	0.15	0.03	2.13	0.25
107	0	-0.4	-0.42	1.18	1.49	3.07	2.79	4.44	3.65	3.59	2.15	1.81	3.56	0.33	2.77	1.15	1.71	1.55	1.45	0.42	-0.15	0.34
108	0	0.73	0.51	-0.07	0.57	0.65	1.28	-1.31	1.09	-1.86	0.55	1.64	2.62	3.3	4.16	6.17	5.5	4.38	4.47	2.14	0.33	0.06
109	0	-1.72	1.04	1.77	3.57	4.21	3.52	3.44	4.13	2.21	2.71	3.78	2.24	-1.33	0.16	-0.5	-0.26	-0.49	-1.13	1.26	-0.4	1.54
110	0	-0.12	-0.73	-0.37	1.16	2.01	0.25	2.2	-0.07	-0.09	1.18	3.31	1.79	3.82	5.08	5.84	5.75	6.74	4.23	0.45	0.02	1.42
111	0	-0.81	-0.1	0.07	1.43	-0.02	1.79	3.65	2.57	2.59	2.39	1.01	1.61	1.64	1.35	4.03	3.67	2.87	2.77	0.33	1.39	0.51
112	0	0.26	0.89	2	2.04	2.84	3.9	1.29	3.06	3.05	2.94	3.21	1.53	0.51	2.65	0.49	2.09	1.91	0.62	-0.96	-0.24	0.99
113	0	-0.95	2.83	0.9	0.19	1.18	-2.06	0.6	0.3	-0.44	-0.47	0.64	2.68	5.47	4.46	6.35	4.81	3.63	3.09	1.4	1.64	-1.63
114	0	-1.13	0.28	2.59	0.92	3.02	3.62	1.34	1.83	2.18	4.12	0.95	0.84	2.99	0.19	2.5	2.8	1.41	1.89	1.66	0.73	1.02
115	0	-0.11	1.49	0.75	1.9	3.53	5.7	4.04	2.27	0.35	2.2	0.11	0.79	-1.3	-0.71	0.55	0.88	0.82	-1.66	0.71	1.4	0.11
116	0	-0.5	1.62	3.09	1.12	3.36	5.3	5.34	4.79	1.58	1.9	2.85	-0.55	-0.24	1.26	2.05	2.32	-0.83	-0.85	-0.85	-0.94	0.12
117	0	0.46	0.27	1.54	2.75	4.47	4.97	4.66	5.54	1.62	2.64	1.32	1.65	0.06	1.73	0.19	-0.74	-0.09	0.38	1.47	0.98	-0.37
118	0	-0.97	0.52	1.23	2.49	3.52	5.08	4.57	3.16	3.21	2.59	1.26	0.52	0.67	1.17	0.06	0.47	-0.19	0.04	-0.19	-0.84	-2.22
119	0	0.41	1.85	1.51	1.6	2.45	2.89	5.45	3.17	3.01	3.73	2.86	1.87	0.35	3.15	-0.3	3.09	2.48	2.66	0.62	0.09	0.93
120	0	0.09	0.3	0.12	0.86	1.13	3	2.23	4.04	3.79	1.53	1.39	3.41	0.14	0.73	2.03	0.76	1.41	-0.66	0.41	0.78	-0.38
121	0	-0.18	1.38	0.91	2.57	2.25	3.61	2.78	3.7	3.15	3.79	0.95	0.68	0.75	0.08	3.71	1.01	1.53	-0.07	1.11	0.27	0.82
122	0	0.28	-0.19	1.95	2.01	2.54	4.64	3.9	3.63	2.11	1.48	0.49	0.66	1.17	3.08	1.82	-0.12	1.57	1.29	1.43	0.71	-1.47
123	0	-1.17	-1.6	-1.6	0	1.32	0.65	0.4	0.62	0.93	0.31	1.92	2.55	4.59	6.23	5.59	4.76	4.06	3.41	1.77	1.09	-0.23
124	0	-0.35	2.38	1.35	3.64	3.35	5.47	6.22	5.04	3.43	2.91	1.01	0.37	-0.73	-0.53	0.39	0.21	-0.71	-1.01	-0.79	0.34	-0.7
125	0	1.56	0.26	-0.56	-0.45	-0.09	1.59	0.9	-0.54	-2.6	0.75	0.86	1.31	2.41	5.23	4.33	3.92	3.98	1.5	2.24	-0.81	0.95
126	0	0.16	3.38	1.29	3.19	3.73	3.9	5.19	3.65	2.21	3.96	2.19	2.55	0.68	-1.22	0.47	-1.93	-0.04	0.01	1.42	1.48	-1.36
127	0	0.07	1.73	-0.3	0.92	1.84	2.71	1.15	-0.23	1.73	2.13	3.33	3.11	4.1	3.91	4.31	3.2	2.71	2.54	2.23	1.14	0.76
128	0	-1.66	-0.13	1.12	1.53	3.71	2.42	6.84	6.06	2.33	2.07	2.91	0.67	-0.86	-0.02	2.3	0.37	1.5	1.11	1.31	0.61	-2.05
129	0	0.61	-0.26	3	1.77	1.66	2.22	3.76	2.84	1.25	2.52	1.54	3.52	0.91	0.69	-0.29	0.96	0.27	1	0.16	1.46	-0.93
130	0	-0.6	0.08	2.31	0.94	2.45	6.63	7.52	4.68	3.61	2.25	0.78	1.81	-0.08	-0.08	0.14	2.29	1.81	1.8	-0.81	1.26	0.7
131	0	0.31	1.74	0.16	1.97	2.13	3.33	2.47	1.42	2.8	1.19	3.41	2.16	2.62	3.14	1.51	3.85	2.66	1.36	2.01	0.33	-0.04
132	0	-1.1	2.56	2.08	3.01	3.9	6.13	5.34	4.56	4.83	2.59	2.6	0.93	-1.05	-1.71	1.02	-0.42	-0.46	-0.28	-0.08	-0.81	0.77
133	0	0.21	1.25	0.04	0.34	0.4	-0.1	-0.01	0.07	0.4	1.33	1.59	3.57	2.86	6.6	6.54	3.94	2.26	3.44	0.42	0.25	0.61
134	0	-0.8	0.4	-0.16	1.39	0.54	2.86	2.12	2.42	0.82	3.31	-0.34	2.87	4.23	4.84	6.34	3.76	1.52	1.71	2.5	0.57	-1.53
135	0	-0.03	0.14	2	3.27	0.34	2.14	2.02	1.22	1.82	0.47	4.74	2.33	2.28	2.63	3.81	1.69	2.82	2.03	1.3	-0.67	0.57
136	0	0.8	-0.43	0.57	-0.21	0.79	0.81	1.81	-0.65	0.84	1.12	2.69	2.79	3.38	5.35	5.28	3.25	5.05	2.24	2.05	0.56	0.81
137	0	0.29	1.66	0.33	0.97	1.72	2.57	2.61	2.01	1.19	3.02	2.56	2.37	0.93	1.4	2.72	4.01	2.11	1.81	0.51	-0.25	0.55
138	0	-1.61	-0.29	1.24	2.58	3.28	2.94	4.13	4.52	2.56	1.88	2.84	1.94	1.79	-0.14	1.86	0.46	-0.36	0.23	-0.09	0.05	2.4
139	0	-0.22	-1.58	-0.18	0.46	0.54	0.93	1.7	-0.27	1.33	0.24	3.13	3.49	2.67	2.56	5.88	2.91	2.79	1.61	1.97	2.36	-0.76
140	0	-1.74	0.98	2.28	1.64	1.74	6.35	4.11	3.8	3.8	3.61	1.89	3.43	0.78	0.59	-0.69	-0.31	0.29	0.76	-0.6	-1.44	1.43
141	0	-0.42	0.42	-0.43	0.6	-1.05	0.34	1.75	0.71	1.09	-0.79	1.17	5.27	3.49	3.54	4.5	4.08	3.38	2.72	0.21	2.36	0.83
142	0	0.1	-0.14	0.41	0.05	0.64	1.45	-0.41	-0.21	0.07	0.96	2.69	0.25	3.03	1.95	4.4	4.65	4.97	0.84	1.43	2.76	-0.78
143	0	0.4	0.09	-0.13	-0.07	2.09	2.28	2.21	1.75	1.95	0.82	-0.19	2.39	3.25	3.51	4.3	4.77	3.11	1.96	1.73	0.52	-1.31
144	0	-1.18	1.94	0.02	3.15	4.62	5.18	6.21	4.26	4.88	1.52	0.71	1.01	1.14	-0.66	0.57	0.59	1.01	0.59	0.26	2.29	-1.69
145	0	-2.55	0.64	0.1	0.75	1.05	2.26	3.05	3.05	3.33	3.42	2.79	1.69	3.21	1.74	3.14	1.41	2.31	1.01	-0.18	0.79	-1.35
146	0	-1.99	-0.94	1.58	1.48	1.66	2.1	2.55	1.89	0.39	1.59	1.27	2.61	-0.66	3.42	2.75	3.11	3.86	2.15	0.6	0.66	-0.59
147	0	0.82	1.43	2.18	2.1	3.16	4.66	4.2	5.64	3.15	3.91	1.67	1.06	1.87	0.4	0.62	-0.67	0.99	-0.42	2.06	-0.38	0.97
148	0	-1.97	0.71	0.46	-0.6	2.79	2.63	2.84	4.4	3.13	1.98	-0.06	0.93	0.58	2.47	-0.27	1.46	0.65	1.65	0.35	-0.21	0.81
149	0	0.57	2.5	0.87	1.84	2.72	4.53	4.27	3.69	2.84	3.13	2.33	-0.15	1.53	1.24	1.77	0.62	1.42	0.42	-0.15	-1.25	0.58
150	0	0.5	-0.73	-1.06	-0.08	1.39	-0.33	1.13	-1.5	-0.49	0.41	3.04	2.4	2.27	3.97	5.83	4.64	5.3	3.02	3.01	1.1	0.7
151	0	0	1.46	0.17	-0.15	0.89	2.05	2.38	3.3	2.75	1.49	2.89	3.18	2.67	3.87	0.6	2.08	4.81	0.67	0.27	3.19	2.04
152	0	-0.13	-0.36	2	2.33	5.48	2.57	3.24	4.77	4.9	2.15	1.12	3.49	1.72	1.84	0.42	0.25	1.96	2.6	-0.26	-0.44	1.13
153	0	-0.78	0.84	2.53	1.91	1.02	2.49	3.16	1.95	1.64	-0.14	-1.48	1.69	1.69	2.48	4.23	4.36	1.77	1.99	2.47	-0.75	-1
154	0	1.04	0.13	2.29	2.31	2.39	1.94	5.73	3.89	2.57	2.48	1.75	2.03	0.14	2.72	2.01	0.76	0.98	1.01	0.04	-0.56	-1.35
155	0	-1.2	0.63	1.57	0.58	1.85	-0.18	2.09	1.48	0.68	1.61	2.71	1.12	3.52	3.19	3.93	3.56	2.24	0.79	0.61	2.32	0.52
156	0	0.56	0.18	1	0.49	2.49	-0.66	0.36	0.43	0.13	2.01	-0.08	1.67	3.56	3.97	5.59	3.33	2.8	2.36	2.35	-0.29	-0.95
157	0	0.89	0.16	0.35	2.58	3.95	3.88	3	2.83	2.15	1.46	3.05	3.18	1.91	0.63	0.86	0.41	1.58	2.92	0.57	-0.18	-0.68
158	0	-0.36	1.11	1.24	1.45	1.53	3.71	4.97	4.01	2.81	2.5	1.38	2.9	0.53	1.05	1.2	1.57	1.32	-0.92	2.36	0.98	-1.63
159	0	0.69	-0.06	0.69	1.7	1.37	1.11	1.51	0.81	0.32	1.9	3.48	1.4	1.41	1.32	5.2	4.61	1.76	0.17	0.42	2.73	0.56
160	0	1.26	0.33	1.46	1.14	3.89	3.51	2.18	1.89	3.55	2.14	2.92	3.52	1.22	1.41	2.6	4.82	1	1.45	1.72	0.04	-0.26
161	0	-1.9	1.48	2.08	3.02	2.17	1.3	2.47	1.78	4.1	2.26	2.46	1.86	2.53	3.75	2.27	1.87	3.95	1.2	3.76	0.11	-1.12
162	0	-0.41	0.64	0.39	1.16	3.5	1.65	4.49	2.27	1.85	1.99	1.45	1.46	1.36	4	4.4	3.35	1.62	0.99	2.05	2.19	0.69
163	0	0.92	1.23	4.58	3.71	3.85	5.22	6.01	3.97	4.83	2.15	1.88	-0.05	1.22	0.99	1.33	-1.04	0.16	1.23	-1.16	1.05	0.78
164	0	-0.54	0.72	-0.37	-0.23	1.2	2.11	3.16	2.06	2.13	1.76	1.63	1.79	4	3.6	4.02	4.53	1.72	1.57	0.83	0.09	1.12
165	0	-0.58	0.55	1.43	4.31	3.22	3.4	6.88	3.56	4.03	1.8	0.75	4.27	1.51	2.03	1.6	1.07	1.99	1.2	0.21	0.8	0.95
166	0	0.18	-1.31	0.59	2.25	4.42	3.84	3.48	1.81	2.81	3.08	1.63	0.48	2.17	0.99	4.25	3.85	1.16	1.18	1.79	0.53	-0.52
167	0	0.79	2.77	1.14	1.63	2.74	4.96	5.7	5.59	3.3	3.34	2.97	2.31	0.35	0.69	-0.98	0.98	2.93	1.33	0.82	-0.04	0.61
168	0	-3.25	1.27	0.88	3.12	2.78	4.03	4.71	3.12	4.15	2.55	1.32	2.71	1.82	1.78	0.77	2.78	1.62	0.24	0.74	-0.6	1.62
169	0	0.38	1.31	2.41	1.36	2.16	2.38	5.04	6.97	1.85	2.06	1.78	1.67	2.05	0.17	0.96	1.41	-1.49	1.67	0.32	1.04	-0.42
170	0	-0.9	0.35	2.71	1.99	2.29	3.76	4.97	5.25	3.71	2.79	2.82	-0.52	-1.27	1.15	-0.09	-0.87	0.71	-0.9	1.63	-0.88	-0.69
171	0	-0.41	0.63	0.34	0.58	2.88	1.86	2.95	3.81	1.55	2.05	-0.5	1.11	1.84	2.84	3.07	1.13	1.36	-0.42	1.15	1.35	-0.58
172	0	-1.66	1.3	1.3	0.96	3.39	4.2	3.9	3.98	2.23	1.06	0.94	2.82	2.77	1.55	2.73	4.4	-0.17	2.08	-0.95	0.04	0.64
173	0	-1.31	1.39	0.01	1.3	1.98	1.71	1.5	2.64	2.27	1.84	1.04	2.24	2.75	3.13	4.3	2.2	3.52	0.52	2.75	0.17	-1.11
174	0	-0.26	-1	0.06	1.04	1.22	0.52	-0.03	2.01	0.78	1.79	3.17	0.51	3.35	6.95	5.11	3.25	1.17	2.04	0.75	-0.64	-0.87
175	0	-1.61	0.87	-0.54	-0.3	1.77	-2.65	-2.11	0.29	0.52	0.82	3.09	1.93	3.91	4.63	5.88	3.9	4.15	3.59	1.98	-1.5	-1.15
176	0	-0.44	-1.33	0.21	-0.56	1.02	2.03	2.47	2.13	2.03	-0.23	4.15	3.77	3.68	4.8	4.84	5.33	2.93	2.97	0.1	0.7	-0.35
177	0	0.77	0.73	2.25	3.2	3.14	2.91	2.83	2.36	2.13	3.66	4.2	1.46	0.47	-0.24	1.79	1.18	1.99	1.27	0.1	-0.46	-3.82
178	0	-0.42	1.09	0.3	2.52	0.91	2.05	2.48	2.11	1.3	1.17	2.56	2.67	3.03	3.56	3.66	1.86	2.08	4.02	1.59	1.92	-0.4
179	0	0.21	3.04	0.82	1.95	3.97	1.61	2.12	3.18	4.25	4.27	1.09	1.06	2.11	0.74	2.62	2.99	1.23	0.61	1.79	2.76	0.5
180	0	0.85	-2.44	1.37	1.24	2.75	3.48	3.97	5.02	2.39	2.88	1.36	2.47	0.1	2.76	2.48	2.31	1.75	0.43	-0.26	0.88	-0.35
181	0	-0.34	1.84	1.28	3.67	5.06	5.6	4.98	6.1	4.12	3.01	2.22	1.45	1.11	1.43	0.57	-0.73	0.09	0.21	-0.15	1.61	0.45
182	0	-0.58	0.86	1.82	0.4	2.13	1.11	2.59	2.65	2.21	3.43	2.88	1.58	1.84	3.2	1.6	2.89	2.46	2.39	0.48	0.77	0.23
183	0	-0.66	2.16	1.77	2.34	2.25	2.65	2.79	0.86	3.01	-0.57	-0.41	2.43	3.06	2.9	5.26	2.92	3.23	0.91	1.42	1.76	-0.36
184	0	-0.83	-0.19	0.48	0.39	0.81	-1.26	0.16	0.32	-0.79	0.04	2.85	4.45	4.77	4.77	6.02	4.45	3.88	3.43	-0.19	0.63	-0.34
185	0	-0.98	0.14	2.91	0.76	2.79	5.8	4.88	3.43	3.77	4.04	1.27	0.83	0.15	-0.25	1.84	2.05	-0.49	-1.06	0.9	1.07	-0.88
186	0	-0.83	0.22	-0.66	1.84	0.95	1.41	0.23	1.52	1.1	1.09	1.92	2.33	4.44	4.79	3.93	3.3	3.7	0.92	2.59	0.44	-0.94
187	0	1.51	-0.26	2.98	1.31	2.31	3.58	2.75	1.39	2.65	2.62	1.41	1.37	2.12	1.95	2.17	2.01	4.44	-0.13	0.42	0.68	1.41
188	0	-0.57	-1.29	1.25	0.98	-0.68	0.81	0.78	0.58	-0.21	1.41	1.75	1.84	4.21	5.6	4.73	5.56	3.53	1.88	2.36	0.6	-0.69
189	0	-0.58	-1.94	1.51	2.21	-0.15	1.56	0.6	-1.45	-1.18	2.81	1.64	2.46	3.33	4.48	4.44	2.93	4.01	2.45	0.8	-1.21	-1.33
190	0	-0.13	1.72	0.26	2.37	2.3	3.42	3.19	2.88	2.39	2.21	1.48	3.16	2.13	2.94	2.02	2.56	0.72	1.12	0.31	-0.31	0.7
191	0	-0.38	1.34	1.23	1.89	2.18	1.28	2.88	3.69	1.91	1.32	0.96	0.33	0.91	1.59	2.91	1.93	2.76	0.04	2.06	0.43	2.24
192	0	-1.18	0.04	0.26	0.99	2.23	3.67	2.15	2.44	2.59	1.87	1.49	1.05	2.95	1.39	3.35	3.35	2.73	1.87	2.29	0.16	0.54
193	0	0.06	1.28	0.74	-0.03	2.52	2.23	3	3.74	1.22	1.98	1.55	2.87	1.46	1.91	3.57	3.34	2.72	1.29	0.25	0.58	0.06
194	0	-1	2.37	1.72	0.08	2.63	2.1	2.69	3.09	2.36	0.25	1.63	1.33	-0.41	1.25	1.69	2.05	1.78	2.04	-1.21	-0.37	0.58
195	0	0.37	1.7	1.11	0.29	0.95	5.1	3.04	2.64	2.64	3.21	0.78	1.07	-0.74	0.87	0.97	1.73	-0.05	-0.02	0.38	1.15	1.07
196	0	0.1	1.3	1.48	1.75	5.05	4.55	4	4.44	3.16	2.76	1.64	0.94	-0.54	-0.04	-0.34	0.24	0.81	-0.17	0.25	2.74	-0.94
197	0	1.71	0.99	2.76	2.03	1.69	4.4	2.22	1.38	1.17	1	2.93	2.44	3.45	3.47	1.68	4.19	2.86	1.06	1.27	0.99	0.76
198	0	1.64	1.74	-0.44	-0.39	1.76	0.24	2.9	2.37	3.03	2.71	2.07	2.44	1.84	3.04	2.09	4.26	2.9	2.42	-0.09	-0.13	0.42
199	0	0.62	-1.05	0.58	0.92	1.32	1.32	0.16	0.19	-0.27	1.52	1.46	3.25	3.77	4.86	3.82	4.06	1.23	3.87	0.93	2.4	0.36
200	0	-1.73	-0.14	1.15	1.67	2.61	3.34	3.94	1.82	2.12	2.34	1.88	1.38	2.22	2.91	3.43	2.67	3.42	1.22	-0.55	0.07	-0.02
201	1	0.71	2.71	1.82	4.07	4.94	4.04	5.71	6.08	3.56	3.66	4.21	0.55	0.33	-0.91	-0.29	-0.52	0.18	0.46	-0.51	0.5	-0.57
202	1	-1.32	-1.2	0.53	-0.55	1.5	1.98	3.63	3.6	4.16	5.06	4.38	4.19	2.05	1.09	2.7	1.43	-1.1	-1.21	-0.28	0.51	0.15
203	1	0.82	0.69	-1.22	2.28	1.71	3.5	3.76	4	5.63	3.37	1.66	1.94	1.39	1.93	0.68	-0.18	0.13	-0.2	-1.08	0.38	-0.06
204	1	-0.15	2.14	2.24	2.05	3.22	6.64	3.96	6.34	5.18	3.21	2.57	2	-0.96	-0.44	2.24	0.27	-2.85	0.39	-0.03	0.56	-0.28
205	1	0.08	-0.49	0.71	1.11	-0.23	3.33	2.11	3.32	4.67	4.24	5.55	4.19	2.84	-0.34	1.86	0.66	-0.24	0.5	-0.83	-0.43	-0.13
206	1	0.59	-0.76	0.2	-0.59	0.75	0.59	4.3	2.42	3	4.64	5.32	5.06	2.61	3.88	1.4	2.16	-0.02	0.89	0.19	-0.59	1.38
207	1	0.36	0.74	-0.8	1.13	0.12	1.46	2.42	3.6	4	3.95	5.29	4.57	1.52	0.48	1.92	2.09	1.72	-0.34	-0.49	0.95	-0.53
208	1	-0.28	-0.4	0.96	0.87	1.7	3.45	4.67	4.61	6.03	3.54	2.62	1.39	1.18	3.81	0.29	-0.16	-0.13	-0.22	-0.67	-0.71	0.38
209	1	-0.51	0.5	2.06	1.46	-0.09	1.97	3.13	3.39	6.1	4.67	3.6	2.44	2.07	1.43	2.18	0.7	-0.18	-2.39	1.28	1.24	-1.13
210	1	0.42	-1.19	0.29	2.24	3.14	1.86	3.78	2.83	2.92	4.86	5.03	2.76	1.57	0.55	-0.09	2.07	0.46	-0.8	0.14	0.27	-0.06
211	1	-0.38	3.15	-1.61	1.81	3.03	3.24	3.15	3.25	2.41	5.26	4.09	2.54	3.59	3.18	2.49	-0.09	-0.09	-0.46	-0.46	-1.16	0.27
212	1	-0.2	0.57	1.4	1.54	3.76	2.92	4.43	3.76	5.14	3	6.02	2.36	4.51	0.86	1.28	-0.22	1.76	0.26	-0.19	0.12	0.4
213	1	2.1	0.03	0.85	1.77	2.39	1.23	4.82	4.11	2.02	3.32	5.01	4.46	1.17	0.4	0.16	1.07	0.43	0.57	-0.29	1.64	-0.28
214	1	-0.16	0.47	0.85	-0.57	0.5	1.83	2.03	1.61	5.16	3.97	7.89	5.56	3.72	2.42	1.23	0.55	0.77	-0.02	0.26	-1.02	0.77
215	1	1.47	-1.08	1.98	0.91	1.01	1.25	2.74	2.17	5.25	3.76	4.67	2.97	2.19	2.95	2.11	0.76	-2.13	0.53	0.2	2.16	0.16
216	1	1.03	1.29	1.47	0.39	3.09	3.51	5.46	6.32	5.08	4.48	-0.03	-0.29	-0.48	1.13	0.56	0.97	-1.05	1.03	-0.05	-0.86	-0.01
217	1	0.06	1.1	-0.55	1.49	0.94	4.29	5.37	5.09	5.39	3.85	4.14	0.47	0.95	-0.36	1.59	0.08	-0.23	0.26	-0.41	-0.26	1.39
218	1	-0.75	0.45	0.06	1.21	2.98	2.04	5.44	3.18	4.33	2.92	3.04	2.59	0.71	0.26	0.89	0.22	-1.5	-1.16	1.18	0.51	-0.35
219	1	-0.28	1.52	1.96	1.12	0.06	1.39	3.82	2.74	4.58	4.23	7.46	3.46	2.26	2.73	1.04	0.87	2.13	2.01	0.7	-1.5	0.19
220	1	-0.62	0.75	0.2	0.48	0.89	0.98	1.85	3.4	3.76	4.47	6.78	3.69	3.29	2.07	1.47	1.54	-2.18	-1.56	-0.21	-0.41	2.1
221	1	0.27	2.67	0.96	2.67	3.44	5.53	6.85	5.59	3.14	2.79	1.49	0.23	-0.13	0.35	0.92	-1.29	0.81	-0.04	0.2	-2.02	-1.57
222	1	-0.67	1.67	1.55	4.06	3.58	5.12	4.88	3.94	4.76	3.84	2.58	1.61	1.51	0.74	0.81	0.85	0.09	1.2	1.44	-1.33	-1.26
223	1	1.11	-0.89	-2.79	-0.41	0.59	0.15	3.55	3.48	5.43	6.22	5.21	2.81	3.61	0.62	2.58	1.02	0.5	0.16	0.33	1.72	1.36
224	1	-0.94	1.39	1.69	0.6	3.45	2.99	5.45	4.05	2.39	4.87	3.18	0.35	3.02	-0.07	-0.95	-0.09	0.76	-0.59	-2.9	-0.72	0.26
225	1	0.16	0.81	0.72	2.32	-0.26	2.43	4.33	3.89	4.25	5.6	3.89	4.37	2.82	1.99	0.65	1.96	0.38	0.44	0.83	1.86	0.65
226	1	1.96	-0.52	0.12	0.64	0.83	1.04	2.93	3.55	4.61	4.7	5.3	3.49	2.69	2.31	-0.05	0.01	-1.9	0.03	0.74	-2.09	0.47
227	1	0.25	2.29	2.25	0.82	2.5	4.56	4.39	4.96	2.99	4.19	0.91	0.74	0.23	3.16	-1.45	-1.22	-0.21	-1.4	-1.67	0.53	0.58
228	1	-0.76	0.51	0.82	0.83	2.2	3.88	4.26	3.97	3.61	4.5	3.39	1.21	2.22	0.12	-0.2	0.35	2.44	-0.43	-0.5	1.15	0.07
229	1	1.27	-0.36	-0.15	3.61	3.1	3.13	6.5	2.48	2.65	3.96	3.37	3.68	0.59	0.39	0.33	1.08	0.52	-0.29	0.08	-1.59	-2.1
230	1	0.74	1.2	2.28	2.44	0.99	4.74	3.25	3.33	4.86	3.78	5.15	3.35	0.97	1.22	-1.16	-0.33	0.71	-0.68	0.81	-0.17	-0.14
231	1	1.08	1.21	0.84	2.83	4.13	3.8	5.58	3.46	3.65	4.25	2.78	1.56	0.49	1.52	1.18	1.64	-1.63	-0.57	0.25	-0.52	1
232	1	-1.35	0.93	1.37	2.13	1.44	1.51	3.39	3.74	3.95	3.23	4.49	4.43	3.43	3.2	1.37	-0.46	-1.48	2.16	0.28	-0.45	2.36
233	1	-0.63	0.96	-0.6	1.58	-0.06	1.36	2.67	3.84	5.79	5.37	6	4.48	1.74	4.65	1.63	1.6	0.85	-2.67	0.5	-0.45	1.93
234	1	-0.61	-0.73	-0.3	2.1	0.59	3.51	5.82	6.14	3.71	3.42	4.91	1.85	2.47	1.46	1.73	2.04	-2.09	0.45	2.07	0.58	0.32
235	1	0.1	-0.1	1.6	3.49	4.42	6.39	5.44	4.98	3.87	2.34	2.42	-0.49	0.11	1.36	-0.58	-0.21	-0.49	-0.4	-0.4	1.58	-0.6
236	1	-0.48	0.28	1.19	3.06	4.61	5.92	4.69	5.65	5.79	1.74	1.85	1.08	-1.6	-0.46	0.26	-0.64	-0.61	-0.28	0.9	-0.62	1.17
237	1	0.68	1.19	1.86	0.73	4.91	2.82	6.46	5.29	4.45	2.91	3.81	1.34	0.83	1.54	1.1	-0.52	0.23	-0.16	-0.75	-0.29	0.29
238	1	0.65	3.4	1.86	2.36	3.22	3.22	6.83	3.59	4.24	3.14	1.68	3.12	2.03	0.21	1.58	-0.33	0.16	-0.59	1.41	-2.55	0.53
239	1	0.39	1.67	-0.35	2.28	0.82	2.52	1.3	4	3.73	4.19	3.82	4.66	1.31	3.91	3.66	0.29	1.52	0.72	0.14	1.62	-0.53
240	1	-0.54	2.21	2.91	3.18	4.54	6.26	4.96	3.52	6.88	2.19	3.82	1.51	1.22	1.74	0.81	0.02	-1.14	2.31	1.04	-1.11	0.26
241	1	2.08	-0.78	1.2	0.15	2.26	2.66	5.25	5.21	3.87	3.97	2.69	2.08	3.04	-0.4	1.57	-0.12	1.17	-0.63	-0.31	-1.39	0.2
242	1	1.47	0.84	1.14	3.23	4.5	2.05	3.98	5.03	3.9	3.01	4.43	1.75	0.38	-1.08	0.36	0.75	-1.7	-0.38	-0.51	-0.51	1.41
243	1	-0.22	2	2.09	0.66	4.74	3.42	6.67	4.17	5.56	2.43	2.55	2.49	0.43	0.57	2.36	0.73	0.49	0.31	-0.79	0.74	0.41
244	1	-0.61	0.33	-0.15	0.53	3.37	1.33	4.13	4.74	3.4	2.82	5.11	2.95	2.78	3.04	-0.14	1.87	0.06	0.56	-0.36	-0.83	0.49
245	1	0.46	0.3	-0.03	-0.03	-0.07	2.75	3.81	2.44	3.77	2.49	4.71	5.67	3.03	2.36	1.47	-0.36	-0.08	0.32	-0.7	-0.47	-0.48
246	1	-0.08	-1.16	2.75	2.2	0.06	1.94	5.98	2.3	3.61	2.79	4.23	3.06	4.62	-1	0.83	1.17	-1	-0.4	-1.22	-0.03	-0.06
247	1	-1.76	-0.29	0.68	0.05	1.21	1.18	1.74	3.3	4.67	5.06	5.2	5.51	3.56	2.12	1.13	0.35	1.31	-0.13	0.05	-0.79	0.95
248	1	-1.03	-0.2	0.94	1.09	0.99	1.66	3.42	3.06	2.7	5.57	5.08	3.81	3.47	2.05	1.28	-1.02	0.55	0.53	-0.86	0.99	0.12
249	1	0.74	0.91	0.9	1.69	3.48	3.75	5.29	4.05	3.31	5.81	2.16	5.23	2.76	1.07	0.32	-0.85	1.7	1.45	-0.74	0.49	1.35
250	1	0.08	1.83	2.13	5.75	4.72	5.4	5.86	5.09	3.76	3.34	3.72	1.95	1.17	-1.48	-1.32	0.76	-1.4	0.07	-0.68	0.32	-0.24
251	1	0.79	0.86	-0.68	-0.92	-1.6	-0.11	2.09	2.18	4.4	5.69	4.87	5.55	5.16	3.2	1.73	0.24	1.39	-1.42	-0.25	-1.83	0.7
252	1	-0.24	-0.73	0.12	1.46	2.68	5.14	4.4	3.02	3.53	4.94	3.57	2.69	1.15	0.84	0.96	-0.28	-0.73	-1.03	-0.49	0.68	0.05
253	1	0.25	0.7	4.14	1.24	4.36	4.93	5.6	5.5	4.58	3.51	-0.03	0.63	0.79	0.47	-1.11	1.27	0.24	1.82	1.1	-0.94	0.22
254	1	-0.19	1.21	1.95	2.82	3.37	4.26	6.37	3.41	2.18	1.9	3.37	0.13	1.83	1.88	1.01	0.74	0.24	-0.41	0.58	1.84	0.07
255	1	1.51	-0.88	1.61	1.47	0.6	2.12	2.75	4.48	4.93	4.11	5.22	4.6	1.75	1.17	1.5	1.29	-0.96	-0.68	0.4	-0.25	-1.31
256	1	0.37	0.44	1.32	2.31	2.2	0.4	2.43	3.88	4.41	3.67	4.27	4.47	2.18	2.45	-1.28	1.36	-0.3	0.9	-0.51	0.31	0.01
257	1	-0.97	2.05	1	2	1.59	3.26	5.11	4.98	3.12	4.13	2.68	1.81	1.86	0.63	1.1	1.08	0.62	-1.02	-0.52	-1.76	1.26
258	1	-0.71	0.15	0.85	-0.21	0.77	0.92	1	5.47	4.07	4.54	2.89	4.5	4.62	2.97	2.24	1.62	0.3	0.08	-0.09	0.81	-0.49
259	1	-1.6	1.41	-1.31	1.88	2.4	2.42	3.85	4.03	3.42	5.8	4.82	4.61	1.25	2.16	0.69	0.71	-1.28	0.51	-0.24	-0.04	-1.2
260	1	0.95	-0.79	1.64	2.23	4.72	2.83	5.75	4.06	3.47	4.63	2.89	3.08	0.33	0.16	0.67	0.2	-0.34	-1.11	1.58	0.68	-0.65
261	1	-0.73	-0.15	0.19	-0.9	0.84	2.28	4	1.22	3.49	4.37	5.16	4.22	3.9	3.57	2.23	-0.69	-1.05	0.61	1.29	-1.12	-0.77
262	1	1.27	1.25	0.04	4.49	3.97	4.58	6.1	4.64	4.26	3.93	1.37	1.15	-1.04	-0.24	1.26	0	2.04	-0.29	-2.15	-0.16	0
263	1	-0.03	0.76	0.38	1.69	-0.69	0.8	3	2.11	3.25	6.14	4.81	3.56	1.66	3.01	1.22	0.36	-0.45	0.06	-0.06	1.38	0.54
264	1	0.26	-0.13	-2.48	0.96	1.97	3.61	3	3.32	5.09	5.57	4.74	5.49	3.19	2.7	1.77	1.17	-1.01	-0.26	0.31	-1.24	0.17
265	1	-0.22	1.06	-0.72	-1.02	0.79	2.14	1.81	2.6	3.46	3.93	5.57	5.87	4.34	5.69	1.94	-0.29	-0.53	0.4	0.28	-0.63	0.98
266	1	-1.9	-0.63	1.45	1.57	2.68	1.61	4	4.21	2.54	4.72	4.05	1.22	3.61	1.26	1.76	0.05	-0.08	-1.04	-1.7	-0.42	-0.47
267	1	0.46	0.67	-1.47	0.85	1.48	1.22	3.59	3.28	4.78	5.31	4.32	3.41	3.19	3.78	1.46	1.09	0.04	0.48	-0.27	0.27	1.62
268	1	-1.48	1.45	-1.07	-0.39	-0.16	1.04	2.74	2.33	2.05	4.75	6.38	5.76	0.83	2.06	1.26	3.44	1.66	0.1	-0.4	-0.5	-0.19
269	1	-0.4	-0.77	0.48	-0.44	1.01	-0.21	3.4	3.27	1.84	3.87	6.48	5.29	2.73	2.09	1.63	0.44	1.42	1.4	-0.17	1.33	0.01
270	1	0.07	0.06	0.83	2.18	4.38	5.63	6.98	4.79	4.33	3.67	2.59	0.47	-0.34	0.71	1.26	0.22	-0.68	-1.36	0.15	-1.53	0.5
271	1	-0.24	-1.56	0.91	3.27	3.97	4.47	4.95	5.65	3.26	2.13	2.96	3.31	1.25	3.46	0.12	-0.8	-0.5	0.54	-0.62	0.91	-1.13
272	1	0.02	-1.22	-1.07	1.04	-1.58	1.33	1.03	3.79	3.75	5.23	5.82	4.45	2.88	3.29	4.66	1.24	-0.09	-0.61	0.53	1.45	0.57
273	1	-1.05	-0.43	-0.13	-0.61	2.25	1.13	1.78	1.05	3.28	4.12	5.08	4.76	3.67	0.72	1.95	1.6	-0.17	-0.01	1.57	1.06	-1.36
274	1	0.09	1.73	2.03	1.87	2.88	4.58	6.25	5.61	3.63	4.22	1.1	1.31	-0.14	2.4	0.9	-1.93	0.48	-0.26	0.95	0.51	1.25
275	1	0.63	-0.82	0.49	3.51	1.97	1.86	4.3	5.42	3.59	3.72	2.7	4.35	2.19	1.77	2.32	1.1	0.49	-0.75	-0.07	0.15	-0.37
276	1	-1.24	0.14	-0.62	-0.76	-0.33	0.49	2.19	2.92	3.81	4.92	5.63	5.53	2.43	2.03	1.73	1.81	2.04	1.69	-1.65	0.31	1.28
277	1	-1.1	0.83	1.86	-0.27	1.95	1.29	3.48	4.25	2.6	3.82	3.37	2.36	-0.54	1.47	2.7	-0.81	1.52	-1.58	-0.81	1.94	-1.57
278	1	-0.08	1.8	2.73	3.1	4	2.37	4.94	5.52	4.4	2.86	1.75	2.52	2.02	0.38	0.39	1.97	0.61	0.88	0.67	-2.31	-1.75
279	1	1.66	1.29	3.29	4.21	3.67	3.95	6.1	2.8	5.25	1.45	0.79	2.3	-0.62	0.15	0.57	-0.04	0.74	0.89	-0.03	-1.42	-1.76
280	1	-0.06	1	1.35	-0.64	0.98	2.95	2.18	4.4	2.78	3.63	5.15	1.18	1.82	0.97	1.84	0.42	1.76	1.26	2.34	-0.5	-0.57
281	1	1.01	2.75	-0.56	0.6	0.82	0.48	2.33	2.08	6.47	5.22	3.96	6.18	3.19	4.33	1.29	1.45	-0.48	1.51	-0.85	-0.64	0.51
282	1	0.28	1.43	-0.28	1.65	3.11	3.36	5.49	6.04	4.03	3.97	3.06	1.45	1.68	1.18	-0.62	-0.09	0.82	0.52	1.3	0.85	-0.54
283	1	0.63	0.71	1.18	0.23	0.11	4.37	5.97	2.71	3.01	4.34	4.3	4.34	2.41	-0.64	1.23	2.33	-0.77	-0.47	0.42	0.07	-0.7
284	1	0.51	-0.41	-0.17	1.39	2.36	2.41	3.64	4.2	4.54	4.9	5.38	3.99	3.63	1.36	-0.44	1.94	-0.3	-1.05	-0.05	0.51	-0.91
285	1	-2.84	0.75	1.21	2.19	3.53	4.65	5.7	6.23	4.89	2.07	2.27	0.49	2.12	0.58	1.03	0.38	0.33	-0.41	-0.53	-0.49	-0.09
286	1	-0.88	-1.9	-0.26	1.66	-0.52	0.26	2.21	4.98	5.54	4.98	4.49	3.55	1.81	1.63	-0.63	0.63	-0.77	0.95	-2.14	0.62	1.1
287	1	-2.06	1.1	1.98	2.03	4.15	3.11	5.82	3.2	4.28	4.49	3.06	1.26	1.33	1.67	0.92	-1.65	1.16	0.55	0.15	1.3	0.36
288	1	-0.59	-0.02	0.72	3.06	2.45	4.01	6.3	3.51	2.31	3.98	3.44	0.65	0.65	-0.05	1.32	0.12	0.5	-1.84	-0.07	0.45	0.31
289	1	0.84	-0.63	0.86	0.57	1.17	1.61	3.44	3.06	3.25	3.33	6.04	3.23	3.33	2.75	1.24	2.16	0.39	0.14	-0.14	0.29	-0.96
290	1	-0.3	0.37	3.16	2.05	3.89	2.86	7.74	7.25	2.79	2.82	2.85	0.64	0.65	0.66	0.41	-1.15	-0.47	-0.71	-0.45	-0.45	-0.16
291	1	0.15	-0.09	1.02	0.34	1	0.16	0.46	3.68	2.62	5.95	7.57	5.55	5.5	0.58	2.92	0.37	-1.25	-0.16	-1.6	0.47	0.19
292	1	-2.95	0.22	-1.43	1.88	1.35	5.11	3.13	5.36	4.13	4.41	3.15	2.77	3.17	1.2	1.05	-0.94	-0.23	-1.39	-1.19	-0.62	-1.07
293	1	1.86	0.03	0.84	1.81	2.35	1.95	3.78	3.25	3.73	4.22	3.64	3.78	1.6	2.25	2.39	1.63	-1.35	-1.09	0.57	0.43	-0.31
294	1	-1.31	-0.43	1.57	-0.74	-0.22	2.15	2.18	3.03	4.33	6.2	5.8	3.84	2.43	4.49	1.13	0.2	-0.64	0.92	0.17	-0.57	1.58
295	1	0.2	1.35	1.44	2.29	0.79	3.52	3.91	4.18	3.88	4.44	4.16	1.16	2.08	0.25	0.39	0.49	0.23	-0.32	-1.17	0.71	0.64
296	1	0.94	1.27	1.53	-0.15	1.48	4.42	1.82	6.19	4.28	4.95	3.5	4.5	2.06	1.19	0.83	-1.08	-0.52	0.99	-2.08	-0.46	0.01
297	1	-1.19	0.58	-0.72	-0.99	0.92	1.74	0.17	3.54	3.79	4.23	5.28	3.68	4.37	2.69	1.19	1.29	0.74	-0.58	0.81	1.04	-0.87
298	1	-0.01	-1.21	0.61	-0.02	0.38	3.04	3.31	3.84	3.47	6.62	3.8	4.45	3.98	1.11	0.24	0.67	-0.84	2.49	0.33	0.95	0.61
299	1	1.67	1.7	0.39	-0.28	0.85	0.39	3.66	5.51	2.54	4.47	5.18	1.05	1.65	2.1	0.23	0.65	-0.79	0.17	0.27	0.62	-0.32
300	1	0.18	1.25	2.09	0.72	1.22	2.69	3.77	3.21	6.49	3.71	3.72	3.42	3.62	0.35	1.69	1.23	0.22	0.16	-1.07	0.73	-1.02
301	1	1.01	1.25	1.59	0.86	1.65	2.51	3.98	4.47	3.43	5.26	4.47	3.1	1.6	1.43	0.1	1.63	-1.15	1.73	-1.53	-0.13	-1.68
302	1	0.9	0.26	1.19	1.08	3.97	3.4	6.14	4.82	3.67	3.38	3.05	1.16	0.21	1.32	0.18	0.26	0.08	1.96	0.02	0.18	-0.16
303	1	-0.64	1.04	0.98	1.59	1.7	1.95	4.82	1.72	4.82	2.46	4.39	4.01	2.63	2.54	0.45	1.51	-0.82	1.15	2.6	-0.99	0.17
304	1	-0.5	0.52	-0.94	2.29	0.46	0.44	1.58	3.03	3.7	3.41	4.13	3.48	2.28	2.88	1.82	0.85	0.08	0.04	0.09	-0.03	1.27
305	1	-0.46	-0.62	1.18	2.84	2.27	5.11	5.06	3.43	4.26	3.72	2.04	-0.79	0.39	0.68	-0.75	0.47	0.44	0.19	0.49	0.12	1.47
306	1	-0.57	-0.57	0.29	2.54	0.82	3.68	3.33	3.68	4.84	3.39	3.08	3.57	1.37	0.08	0.87	1.73	-0.9	-0.75	0.88	-0.35	0.84
307	1	-0.52	2.01	2.39	4.21	3.57	4.13	6	4.77	6.54	3.34	3.17	3.5	1.08	0.19	-0.68	0.07	-1.22	0.03	0.89	0.94	-1.11
308	1	0.6	0.2	0.09	0.3	1.46	3.99	4.12	4.03	4.54	4.47	5.1	4.49	1.62	1.23	1.17	0.76	-0.23	-0.8	-1.7	-0.27	1.42
309	1	0.56	-0.31	2.92	-0.29	1.7	2.84	3.88	3.65	4.24	3.65	5.26	3.1	1.85	1.2	0.35	1.51	0.3	0.99	0.47	-0.23	-0.59
310	1	-0.56	1.25	2.74	1.25	2.76	3.09	3.19	5.03	4.2	5.05	2.69	3.96	1.48	-0.83	-0.73	-0.05	-0.3	-1.3	-0.21	0.19	-0.93
311	1	1.14	0.62	0.99	0.91	-0.31	3.4	2.77	2.8	4.94	3.13	7.17	3.69	3.55	0.57	2.54	1.1	0.97	-1.9	2.08	0.64	0.75
312	1	-0.87	0.79	1.4	-0.08	2.37	3.18	2.8	6.67	4.41	3.41	3.34	4.61	2.16	2.12	0.18	2.48	-0.13	1.54	0.45	0.77	1.25
313	1	1.47	0.24	2.17	0.84	1.73	2.41	4.14	4.43	4.49	4.71	4.63	3.12	1.46	1.11	1.86	-1.35	0.39	-0.07	-0.27	-0.99	0.54
314	1	0.43	0.14	2.58	1.75	1.25	3.52	3.61	4.63	5.41	2.38	3.25	2.85	2.28	0.01	-0.33	-0.47	0.89	0.36	1.08	-0.76	0.94
315	1	-1.22	0.76	0.34	1.19	-0.99	1.2	3.14	4.38	4.34	4.79	4.95	5.06	3.54	2.67	2.34	1.58	0.46	0.29	0.08	-1.8	-1.7
316	1	2.23	2.14	-0.08	1.03	2.3	2.88	3.97	3.47	4.59	3.81	6.09	3.31	2.18	2.85	1.11	0.43	0.26	0.21	-2.22	1.04	-1.07
317	1	0.07	-0.01	0.58	-1.18	2.74	2.97	3.84	5.57	4.04	4.65	4.59	3.19	1.99	0.57	1.64	0.94	-1.27	-0.12	-1.06	-1.29	2.36
318	1	0.28	0.07	1.74	0.11	2.69	3.62	3.18	4.72	2.6	2.92	4.82	2.23	2.1	1.84	1.6	-0.48	-0.47	-1.25	-0.14	1.33	-0.38
319	1	0.84	-0.81	-0.85	1.75	0.8	0.32	2.59	3.71	5.51	3.89	7.69	5.23	3.42	2.12	2.68	1.82	-0.87	-1.64	-0.63	0.18	-1.82
320	1	1.05	-1.34	0.42	2.75	0.34	2.54	3.86	4.7	4.72	2.45	2.72	3.56	0.57	0.19	0	0.7	-0.59	-0.7	-0.55	1.35	-0.36
321	1	-0.32	-1.2	1.36	2.54	3.83	3.44	4.39	3.84	5.33	2.88	2.62	2.46	1.36	1.52	0.23	0.87	-0.49	-1.49	0.87	-0.64	0.96
322	1	1.45	1.2	1.02	1.66	0.53	1.1	3.61	2.23	3.27	5.19	5.95	3.19	4.31	2.18	1.9	2.49	-0.84	-0.34	0.4	-0.4	-1
323	1	1.27	0.82	0.76	1.03	0.19	4.95	3.85	6.06	4.22	4.64	3.75	1.32	1.66	1.87	2.04	-0.61	-0.18	-0.76	-0.27	-0.15	-1.56
324	1	-1.41	-1.19	0.22	0.68	3.01	3.1	2.45	3.29	2.33	3.41	5.43	3.83	2.58	0.34	1.74	-0.39	1.38	0.8	0.97	0.09	1.22
325	1	0.67	0.49	1.82	1.23	1.72	1.95	4.37	3.92	4.71	5.83	3.02	5.45	1.53	4.66	1.69	1.74	-0.99	0.44	0.63	2.45	-0.31
326	1	-0.32	2.81	-0.15	1.97	2.64	2.32	3.15	4.03	4.81	3.23	3.62	5.34	1.69	1.73	0.72	-0.01	1.83	0.04	-1.17	-1.44	0.55
327	1	-0.36	0.17	2.55	1	1.55	4.43	5.31	3.62	2.66	4.28	2.87	1.57	0.94	0.36	1.01	0.31	0.7	1.01	0.48	-0.52	-0.25
328	1	-1.56	1.57	1.07	3.05	3.79	4.41	7.25	5.77	4.23	4.87	3.43	1.01	1.76	-0.19	1.6	0.16	-0.57	0.6	-0.19	0.98	0.18
329	1	0.39	0.33	-0.34	1.96	1.9	3.32	4.35	3.37	4.04	3.57	3.13	0.74	0.72	1.67	1.76	0	-0.1	1.38	-0.96	-0.08	-1.22
330	1	1.18	0.2	0.4	-1.24	0.6	1.2	1.33	4.27	2.66	5.16	4.33	4.58	4.26	1.96	1.52	-0.84	-1.68	0.94	-0.17	0.38	-1.13
331	1	0.55	0.74	2	2.13	3.74	4.65	4.78	4.13	3.61	2.2	3.87	1.67	0.14	0.66	-1.86	0.81	-1.04	0.98	-0.06	-0.58	0.71
332	1	0.17	-1.12	2.29	-0.14	1.52	1.19	4.35	5.48	5.71	6.17	5.43	6.28	2.87	3.63	1.36	0.42	-1.55	1.64	-0.26	-1.54	0.4
333	1	-0.05	-0.81	0.76	2.55	0.9	2.21	2.27	5.65	4.81	5.72	5.71	4.41	2	2.33	1.2	0.57	-1.64	0.47	1.27	-1.57	-1.61
334	1	0.17	0.94	1.1	1.48	2.41	3.73	2.79	1.4	3.64	5.37	5.25	3.97	3.55	0.37	-0.13	0.5	0.55	-1.31	1.66	-1.22	-0.87
335	1	1.11	1.33	3	3.37	3.6	3.97	5.93	3.99	6.07	4.01	1.79	2.33	0.74	0.65	-0.24	0.61	-0.09	-0.02	-0.82	-0.17	0.01
336	1	0.02	0.68	1.61	2.03	1.73	3.55	3.26	4.97	4.77	4.93	3.6	3.4	1.58	0.19	0.21	0.62	-0.81	0.06	0.2	0.98	0.8
337	1	-0.81	-0.92	-0.47	-0.03	0.37	1.12	3.56	2.26	5.38	3.9	5.33	5.27	5.25	3	0.85	0.27	0.68	1.3	0.33	1.89	2.34
338	1	0.53	-0.51	0.46	2.64	1.88	2.81	1.55	2.43	3.74	4.34	2.74	3.06	3.27	1.37	-1.12	1.97	-0.04	-0.85	-0.14	0.25	1.31
339	1	-0.7	0.45	0.82	4.32	5.74	2.5	6.8	3.68	2.44	4.57	2.45	2.2	-0.9	-1.1	1.34	1.34	0.9	-1.05	-0.73	-1.14	-2.04
340	1	-0.3	0.42	-0.13	2.97	-0.51	2.66	3.57	3.02	4.43	4.19	3.64	3.58	2.69	1.77	-0.68	-0.04	-2.71	1.29	0.54	0.83	0.27
341	1	0.19	0.62	-1.18	1.24	0.85	0.59	2.18	2.83	4.15	6.74	5.38	5.85	2.69	2.54	2.51	0.87	0.03	-0.32	-0.54	-0.8	1.27
342	1	0.94	-1.05	0.05	0.48	0.11	2.61	3.84	3.74	6.13	2.31	5.86	4.38	2.38	1.14	0.32	2.69	0.42	1.55	1.37	-1.1	0
343	1	0.68	1.57	0.58	2.63	1.57	3.16	4.9	4.31	1.91	4.01	4.67	2.83	1.44	0.77	1.47	-0.63	-0.8	1.47	0.76	-0.34	0.33
344	1	-0.51	0.31	0.98	-0.33	5.28	5.82	4.12	5.5	3.04	3.32	1.49	1.52	0.16	0.15	-0.78	1.22	-0.45	1.02	0.56	0.69	1.05
345	1	0.3	2.06	0.37	1.63	0.79	3.18	3.27	4.48	4.61	3.06	3.26	5.22	1.58	1.87	0.63	1.18	-0.33	-1.25	0.93	-0.14	1.99
346	1	0.77	0.33	2.07	0.26	0.61	2.6	5.44	2.53	3.25	3.71	3.56	2.32	3.53	0.43	1.88	1.09	-0.45	1	1.58	0.11	0.84
347	1	-0.35	0.57	0.91	1.28	-0.01	1.11	2.28	2.3	3.08	4.82	7.28	6.21	4.76	3.18	1.66	0.08	0.66	-1.25	-0.06	-0.81	0.77
348	1	1.72	1.33	2.48	1.62	3.76	4.48	5.45	6.05	3.18	2.56	3.83	1.89	-0.14	0.9	-0.47	0.11	1.22	-0.58	-0.99	-0.73	-1.39
349	1	-0.89	-1.06	-0.56	1.66	2.97	3.8	5.21	4.7	3.12	2.99	4.1	1.89	1.36	0.89	0.09	-0.23	-1.4	0.29	0.38	-0.99	0.62
350	1	-0.99	0.19	3.51	1.51	3.5	3.92	5.31	5.37	3.96	2.13	4.89	1.57	-1.33	3.19	0.6	0.15	0.19	0.92	-0.29	1.16	-0.49
351	1	-0.3	1.2	0.1	2.85	0.96	3.46	3.87	3.46	4.2	3.5	2.76	0.82	-0.14	0.83	1.98	0.29	-0.19	0.42	0.91	0.89	-1.54
352	1	1.48	-0.36	2.3	1.46	1.95	3.71	4.81	4.34	5.64	4.05	3.32	2.35	0.73	-0.03	1.07	0.06	0.6	1.06	-2.36	1.86	2.22
353	1	0.47	0.43	2.12	3.17	0.83	2.88	3.7	4.87	1.78	3.1	3.46	2.32	2.46	1.67	-0.46	-0.07	1.38	-1.82	1.67	-0.48	0.09
354	1	0.14	-0.56	1.45	3.29	4.35	2.11	4.66	4.35	2.66	4.68	2.99	3.21	0.87	-0.59	1.22	1.38	1.51	-0.35	0.61	-0.21	1.11
355	1	-2.27	0.65	1.45	0.55	2.77	2.7	1.2	4.23	3.6	2.87	6.12	4.69	4.19	2.9	1.93	0.74	-0.92	0.44	1.48	-0.2	0.3
356	1	0.65	1.05	3.49	1.82	3.06	2.07	5.74	4.38	2.36	3.65	3.33	3.02	1.24	0.61	0.9	-0.64	-0.24	1.14	0.07	0.21	-1.43
357	1	-1.01	-0.68	1.34	-0.68	0.15	0.16	0.45	3.71	2.86	3.17	5.06	4.04	2.77	2.45	1.32	0.74	0.18	0.65	-0.75	0.73	-0.41
358	1	0.06	-0.34	-1.32	0.13	-0.14	1.59	3.64	2.05	4.21	4.65	5.11	5.43	4.68	4.68	1.18	-0.47	-0.02	0.29	0.29	0.43	-0.55
359	1	0.9	0.16	-0.06	1	1.55	1.91	5.36	2.74	3.33	4.16	5.47	4.06	1.75	3.22	1.83	1.13	-0.07	-2.39	-0.65	0.53	0.02
360	1	1.49	0.46	1.57	1.03	0.95	0.58	3.51	3.61	5.08	3.9	5.37	3.28	4.06	2.4	1.16	-1.72	-0.79	-0.54	-1.34	-0.8	0.91
361	1	0.47	0.28	0.93	0.23	-0.82	0.13	1.19	2.74	4.39	5.44	5.5	5.67	2.65	1.8	1.47	1.06	1.15	-0.59	-0.81	-3.11	0.26
362	1	-1.92	0.99	1.6	2.04	1.83	3.65	2.62	3.92	3.72	4.06	5.07	4.06	2.02	3.15	1.55	1.12	1.02	-0.8	-0.3	-1.84	1.37
363	1	0.85	0.86	2.25	2.51	3.46	4.43	6.33	4.69	4.12	2.97	1.64	0.86	-1.08	0.1	-1.75	0.1	-0.4	1.72	-0.73	0.41	0.12
364	1	-0.81	-0.14	2.28	4.2	3.35	4.26	4.69	5.36	4.24	1.6	2.52	1.79	-0.13	0.45	0.56	0.11	-0.24	-1.2	-0.65	-1.44	1.83
365	1	1.49	1.97	-0.15	0.41	0.03	1.19	2.65	3.48	3.36	6.44	6.76	3.25	4.26	0.16	0.88	1.98	0.59	0	-0.09	1.86	1.47
366	1	0.44	1.91	-0.8	1.39	2.03	3.46	3.54	3.94	3.84	2.33	2.63	4.18	1.36	1.85	0.19	-0.06	0.15	0.72	0.13	-1.82	0.37
367	1	0.14	0.19	-0.19	0.65	2.01	2.34	4.12	1.33	3.46	4.17	5.29	3.2	4.01	2.8	2.71	1.07	-0.91	0.07	0.82	0.21	-0.6
368	1	0.79	0.97	2.53	2.45	3.64	4.8	3.87	4.78	3.65	1.66	2.04	1.08	1.01	1.54	0.68	-0.58	-0.05	-1.12	0.99	-1.53	-0.65
369	1	-1.81	1.13	1.23	0.66	1.57	1.92	4.73	3.6	3.5	2.65	2.23	4.32	0.96	1.37	-0.53	0.9	-0.02	-0.72	-1.47	1	-0.77
370	1	1.76	-0.75	1.38	2.19	0.37	4.26	4.08	4.65	3.83	4.85	4.13	2.53	3.28	2.59	2.41	-0.6	0.75	-0.07	0.6	-0.33	0.26
371	1	1.2	-0.78	0.92	3.02	1.71	3.42	3.91	2.37	3.47	2.41	2.31	1.32	1.17	1.65	1.03	0.33	0.3	0.11	0.07	-0.56	-0.51
372	1	-0.99	0.11	3.23	2.31	1.81	4.27	5.49	6.16	3.9	3.26	1.54	2.27	2.12	0.44	-0.4	-0.42	1.24	-1.61	-0.75	0.63	0.16
373	1	-0.68	0.62	2.17	1.31	2.38	2.68	3.94	2.98	5.45	3.07	4.87	3.62	1.01	0.93	2.46	-1.02	-0.19	-0.5	-0.36	0.87	-1.73
374	1	2.3	-0.16	2.86	1.94	3.03	3.22	4.58	4.81	4.07	4.51	3.89	1.72	4.72	1.25	2.49	1.38	-0.51	-0.91	0.44	-1.7	0.24
375	1	-0.5	-0.77	3.47	2.56	2.23	3.42	2.94	4.92	4.92	4.85	5.31	2.31	3.28	0.79	0.07	2.13	0.48	-1.53	-1.14	-0.35	-0.47
376	1	0.4	-1.1	-0.14	0.91	2.54	0.05	3.02	3.24	4.21	4.91	5.51	4.69	2.52	0.62	1.95	-0.25	1.77	-1.07	-0.55	0.62	2.04
377	1	0.16	-1.53	0.83	-0.47	3.42	1.48	1.77	2.76	4.35	4	4.41	5.03	4.93	3.22	1.41	0.54	-0.21	0.27	0.23	0.61	0.78
378	1	1.8	2.14	1.7	3.96	4.01	4.51	4.43	3.86	5.34	3.99	4.1	1.96	-0.8	-0.57	-0.69	-0.69	-1.44	0.87	1.54	-2.18	-1.5
379	1	-0.74	1.32	1.1	3.35	1.51	2.27	4.85	3.96	3.4	3.79	3.66	4.06	2.79	0.86	1.3	0.68	-0.55	0.76	-0.03	-0.38	-1.68
380	1	1.56	0.34	0.72	0.89	1.44	1.85	2.43	3.77	3.95	3.16	4.75	4.01	3.2	2.12	2.65	1.1	0.21	-0.93	0.56	1.13	-1.24
381	1	-1.21	1.69	1.48	2.26	2.66	4.66	6.43	5.2	3.66	2.94	1.26	1.32	-0.93	0.62	-0.19	0.77	-1.32	2.08	0.48	1.48	0.77
382	1	0.65	0.25	1.43	2.58	4.31	3.52	3.13	4.98	2.91	3.64	3.2	2.68	0.64	2.07	1.28	1.12	0.13	1.01	0.09	0.45	1.88
383	1	-0.97	1.48	2.7	2.17	4.62	4.21	5.94	1.95	3.41	4.52	2.88	2.71	3.06	2.21	-0.42	0.57	-1.28	0.97	-1.46	0.53	0.53
384	1	0.86	1.01	1.04	1.64	0.37	2.77	2.45	4.48	2.92	4.11	3.82	4.56	3.34	1.95	1.29	-0.25	1.61	0.4	0.53	-0.61	-0.86
385	1	-0.1	0.73	0.1	1.25	1.96	4.46	4.93	2.42	4.23	3.5	2.61	1.63	1.1	-0.66	-2.28	0.3	-0.97	1.57	-0.03	-1.75	0.18
386	1	-1.09	-0.07	0.29	1.71	0.61	1.68	3.07	4.16	3.4	5.47	4.08	2.31	4.07	1.85	1.23	-0.74	0.45	-1.09	-0.3	0.84	-0.02
387	1	-1.22	0.14	1.44	1.02	1	2.85	3.55	5.09	3.41	3.72	5.35	3.83	0.89	0.1	2.36	0.81	-0.18	-1.27	-0.85	-1.51	1.11
388	1	1.41	-0.3	-0.59	1.01	0.7	3.12	2.23	3.99	6.42	4.28	5.25	4.73	3.65	2.08	2.09	0.66	-0.45	2.33	-1.52	-0.69	-0.08
389	1	-1.3	0	-0.02	-0.35	0.74	1.53	4.47	5.31	2.54	4.85	4.66	5.58	1.47	0.75	1.49	0.43	0.19	-1.22	2.03	-1.35	-0.92
390	1	-2.2	-0.9	1.63	3.33	3.58	4.28	5.57	5.47	3	6.07	3.64	2.19	-1.06	0.53	1.78	0.9	1.18	1.2	2.23	0.32	2.14
391	1	1.75	-0.45	-0.02	1.75	2.18	1.77	3.79	4	4.62	4.02	1.35	2.71	2.17	2.55	-1.7	0.27	0.66	0.6	0.51	-0.69	-0.2
392	1	1.76	0.42	0.08	-1.12	-0.65	2.14	1.24	3.19	3.36	4.09	4.37	3.2	3.4	2.58	2.92	1.63	0.79	0.8	0.81	-2.52	-1.15
393	1	1.56	-1.24	2.88	4.35	3.63	4.87	7.66	5.29	2.64	3.51	2.96	2.14	2.04	0.67	-0.53	1.3	-0.95	-1.09	0.05	-0.33	-1.18
394	1	-1.15	2.43	-0.69	0.44	1.07	2.08	4.74	3.41	3.48	4.75	3.7	3.6	2.64	3.48	0.41	1.11	0.84	0.97	0.4	0.5	0.9
395	1	-0.93	0.99	3.07	2.22	4.12	5.32	5.1	4.26	6.06	3.67	2.38	-0.73	-0.73	-1.79	0.11	0.93	-0.66	-0.17	-0.42	0.27	-0.06
396	1	1.64	-0.49	2.18	1.5	4.45	6.35	4.07	3.36	5.1	2.8	2.16	1.23	1.77	2.55	0.45	-0.74	0.08	0.72	0.12	0.1	0.08
397	1	-0.26	0.68	2.29	2.37	3.18	5.65	5.39	4.87	3.85	2.8	2.28	0.63	0.59	0.69	-0.98	-0.79	0.84	-0.44	-1.41	-0.19	-1.09
398	1	1.31	1.36	0.27	2.05	3.74	3.63	4.33	5.01	4.15	4.19	5.45	3.82	2.79	3.03	2.06	1.51	0.74	1.6	0.79	-1.67	1.28
399	1	-1.03	1.31	2.55	2.31	2.28	2.57	3.2	2.62	4.43	4.82	4.35	3.81	3.19	2.29	1.02	0.83	1.84	1.37	1.95	-0.88	-0.04
400	1	0.02	-1.25	0.65	0.76	0.85	2.03	2.62	4.66	3.51	3.82	3.59	4.2	3.24	3.1	2.92	0.45	0.97	0.31	0.81	-0.92	0
401	2	0.93	-2.25	-0.81	-1.34	-0.04	0.34	2.28	2.68	4.29	3.34	7.43	4.76	4.08	3.42	2.01	1.71	0.25	2.81	-0.58	1.9	0.25
402	2	-1.45	-0.12	-0.35	-0.57	-1.08	1.02	-1.39	0.17	0.95	1.04	3.79	3.31	5.43	3.34	5.19	4.91	3.39	2.38	1.84	0.79	-0.06
403	2	0.74	-0.91	0.78	0.24	0.09	0.57	2.84	3.3	3.41	5.42	6.83	4.31	4.9	3.28	3.55	0.13	0.42	-1.68	0.53	-0.45	-1.07
404	2	0.29	0.31	-0.31	-0.5	0.02	1.58	0.8	0.49	4.47	2.81	4.3	3.42	3.29	4.42	3.66	3.47	3.21	2.74	0.46	1.49	1.32
405	2	-0.02	-0.12	0.8	0.25	1.81	0.02	1.17	2.9	1.92	2.16	6.04	7.24	2.55	0.44	3.14	-0.27	1.49	2.64	3.37	0.35	0.13
406	2	-0.5	0.07	-0.74	0.94	0.44	1.54	2.56	3.81	3.28	3.49	6.08	5.9	3.18	2.58	4.08	2.33	1.58	-0.53	-0.41	0.21	1.26
407	2	0.88	-0.55	-0.89	1.06	-1.4	-0.5	4.47	0.57	2.05	5.45	2.68	4.43	3.36	2.63	2.74	2.43	0.72	1.14	0.93	0.38	-0.84
408	2	-0.03	1.51	1.33	-0.08	-1.2	0.91	2.16	3.48	4.21	4.4	6.02	5.73	4.52	4.24	0.63	-0.7	-0.9	-0.06	0.15	-0.89	1.09
409	2	0.29	0.86	-0.57	1.09	-1.02	0.8	1.89	2.84	1.56	4.02	3.32	4.44	4.41	5.89	3.52	2.68	1.49	-0.23	0.08	-0.29	0.18
410	2	2.09	-0.24	0.24	-1.01	-1.74	2.75	0.89	0.37	2.97	0.78	2.36	3.66	4.14	4.34	3.36	3.26	2.33	0.41	0.48	1.84	0.45
411	2	2	-0.73	-0.26	0.62	-1.5	0.05	0.97	1.55	3.19	4.47	4.1	5.12	3.7	4.31	3.85	0.75	2.87	0.1	-0.42	-1.2	-0.79
412	2	-0.04	-0.52	-0.81	1.88	0.55	1.05	1.41	1.8	4.53	4.21	6.1	4.3	4.46	2.94	1.93	2.75	0.71	1.03	0.29	-0.06	-0.63
413	2	-0.13	1.19	0.11	1.43	1.21	0.39	-0.36	2.1	2.66	2.32	4.95	4.66	3.97	3.01	2.64	1.99	1.49	-0.19	0.43	-1.18	1.69
414	2	0.13	-0.65	0.43	-0.55	0.07	-0.29	1.58	2.11	3.08	3.9	3.87	5.56	5.02	5.97	2.79	4.51	3.22	0.57	1.44	0.02	-0.57
415	2	1.34	0.42	0.02	0.01	1.12	2.1	1.7	3.11	2.27	3.41	3.73	5.24	4.54	2.33	3.39	2.68	1.53	-0.33	2.78	-0.34	-1.26
416	2	-1.25	0.91	-0.72	-1.3	-0.39	1.72	1.96	2.67	2.59	3.76	4.48	5.11	4.52	4.7	2.29	1.26	1.6	0.41	-0.63	-2.24	0.42
417	2	0.31	0.66	2.88	0.33	1.47	0.66	0.41	2.68	4.57	6.77	5.97	4.51	4.16	1.94	1.97	2.03	0.26	0.62	-0.61	-1.45	0.42
418	2	-1.1	2.06	1.04	1.33	-0.44	0.42	1.75	1.94	2.61	4.72	3.86	6.89	3.46	4.22	1.34	2.02	0.69	0.08	-0.66	-1.68	0.35
419	2	0.09	-0.79	-0.39	-0.67	-0.26	-0.12	1.26	2.58	1.82	5.44	6.08	4.33	4.65	3.28	3.92	0.12	-1.45	1.8	0.12	1.98	0.9
420	2	-0.28	0.41	1.34	1.15	-0.02	0.11	3.12	3.41	4.46	4.87	5.86	5.02	4.55	1.77	3.17	2.41	1.49	1.47	-0.25	-1.12	-2.04
421	2	-0.44	1.09	-1.21	-1.52	0.21	0.35	2.46	0.86	4.01	3.55	5.91	5.18	5.58	5.07	1.75	1.78	2.74	-1.1	1.06	0.26	0.19
422	2	1.96	0.83	-0.85	-1.89	0.06	0.46	1.04	1.88	-0.47	0.7	2	3.02	3.9	4.77	5.13	3.6	3.25	1.64	4.34	1.34	0.08
423	2	1.31	-1.72	2.44	-0.5	-1.88	0.32	3.32	1.45	2.73	2.5	4.11	4.59	4.85	4.39	3.16	2.23	-1.07	2.12	-0.31	1.37	0.42
424	2	0.26	-0.74	1.38	1.58	1.94	-0.31	-1.08	-0.47	-0.13	0.86	2.09	3.04	2.71	4.34	2.86	4.18	1.56	2.41	1.42	1.66	0.3
425	2	-2.28	0.82	0.77	-0.13	0.51	0.21	-0.97	0.76	1.42	2.01	3.6	2.69	4.71	4.1	5.61	4.19	4.27	2.95	-0.04	3.18	-1.13
426	2	0.73	-0.61	-0.13	-1.1	1.26	-0.64	2.26	0.34	2.53	0.47	4.17	4.27	3.08	4.7	5	2.29	1.31	1.95	2.1	1.67	-2.92
427	2	0.63	-1.47	0.43	1.15	-1.4	0.99	-1.68	0.55	-0.8	1.28	2.54	3.46	4.52	3.74	7.1	5.16	3.36	4.69	2	3.15	-0.09
428	2	-0.96	1.18	0.81	0.82	-0.09	1.2	0.18	1.71	3.69	3.52	5.04	4.56	2.97	2.43	4.43	3.37	-0.37	0.57	2.92	-1	-1.17
429	2	-0.28	0.43	-1.54	-1.71	0.04	-0.39	-0.67	1.57	3.8	5.03	3.28	3.43	4.26	2.05	2.71	1.88	0.93	3.39	0.05	-2.41	-0.84
430	2	0.39	1.54	0.56	1.62	0.35	0.96	1.25	2.34	2.23	0.94	3.2	2.1	3.74	3.91	5.5	2.52	1.55	1.88	2.2	0.58	-1.92
431	2	0.41	-0.37	1.47	-0.43	-2.03	1.65	0.28	2.67	0.89	2.35	5.06	3.74	3.56	5.56	5.96	2.9	2.91	0.84	1.21	1.3	-0.18
432	2	-1.92	-1.45	0.23	0.32	0.24	1.16	0.89	0.84	1.7	0.55	1.53	3.32	4.2	4.87	6.08	6.12	5.23	2.43	2.66	0.12	1.25
433	2	-0.12	-0.42	0.05	1.01	-1.16	2.51	1.95	2.42	4.78	6.56	7.24	5.6	4.71	3.71	1.8	0.76	1.36	0.27	2.11	0.57	-0.75
434	2	-0.03	-0.11	1.5	0.9	-0.92	0.6	0.27	0.1	0.63	4.3	3.73	2.52	4.64	4.88	5.77	3.51	4.47	1.56	2.11	0.43	0.49
435	2	1.69	-0.17	-0.3	-0.1	0.52	0.78	2.18	2.45	1.71	5.15	5.76	4.23	4.63	2.15	3.3	0.94	-0.14	0.48	-0.77	2.19	-0.43
436	2	-0.46	2.32	0.88	0.12	-0.93	1.94	-0.82	0.7	1.62	0.9	2.1	1.04	4.43	5.6	5.05	2.13	2.49	2.75	2.08	0	0.01
437	2	-0.31	-0.48	-0.87	-0.77	-2.04	0.21	-0.44	0.73	0.6	0.53	1.79	3.07	3.7	2.85	4.29	4.11	2.81	2.04	1.2	-0.73	-0.43
438	2	1.28	-0.27	0.69	-0.69	-0.46	-0.26	2.52	1.19	0.09	1.5	1.58	4.83	2.59	3.93	5.06	4.98	2.58	3.86	3.35	0.62	-0.22
439	2	-1.2	-1.5	-0.21	0.63	-1.02	-0.13	3.06	2.88	2.73	3.12	7.77	3.47	3.78	3.4	3.36	1.34	1.98	1.44	-0.01	-0.31	-0.86
440	2	1.01	-0.47	-1.45	-1.51	-0.11	0.61	0.19	2.03	2.35	3.79	5.1	4.23	4.72	3.72	2.38	3.21	1.34	-0.26	1.1	0.74	-1.49
441	2	-1.59	-0.43	-1.02	-0.53	-1.36	2.24	1.99	1.81	3.82	5.25	6.05	1.19	4.01	4.21	2.65	2.79	-1.4	0.36	-1.05	0.73	1.26
442	2	1.04	-0.41	-2.07	0.87	1.94	-0.2	-1.33	-0.59	-0.9	-0.54	2.62	2.44	4.43	3.85	6.43	4.55	4.38	2.9	1.68	-1.64	1.16
443	2	0.91	-1.12	0.57	0.56	-1.52	-0.98	3.59	3.37	2.56	4.2	4.43	4.65	4.13	3.08	3.1	1.29	0.51	-0.2	-0.29	1.4	-1.58
444	2	1.19	-0.64	1.03	-3.84	-0.32	0.55	0.75	3.76	3.23	3.72	4.78	6.18	2.06	3.16	3.66	2.71	1.02	1.26	0.36	0.49	-1.27
445	2	-0.33	-0.83	0.61	-1.35	0	2.08	2.16	0.35	2.36	2.27	5.12	4.89	3.54	3.51	3.97	2.36	1.81	0.6	-0.24	0.91	0.46
446	2	-1.16	-1.11	0.11	-1.09	0.94	1.25	1.37	1.67	4.82	3.88	4.33	6.84	3.29	2.91	3.5	0.82	0	0.4	-0.04	-1.73	-0.06
447	2	0.32	1.06	0.3	-1.71	1.41	-0.56	1.94	1.4	1.45	4.67	5.08	4.45	3.07	3.88	2.55	2.11	1.63	0.66	0.82	0.9	0.79
448	2	1	0.02	0.21	0.38	-0.46	1.64	1.11	1.14	2.88	3.26	3.4	3.25	5.63	4.96	6.37	5.25	1.26	3.57	3.14	1.73	-0.5
449	2	0.5	-1.82	-1.3	-1.3	0.68	-1.85	1.55	-0.04	1.85	3.88	2.31	3.06	2.61	4.2	3.85	5.19	1.77	1.16	3.02	-0.44	-1.33
450	2	0.11	0.97	-0.48	1.9	-1.16	0.98	0.29	2.48	3.78	3.17	5.03	5.01	2.23	3.48	2.76	3.47	1.64	1.82	1.46	3.19	-1.59
451	2	-1.07	1.22	0.02	0.34	0	0.3	1.61	1.06	1.98	3.11	4.97	3.64	4.34	3.98	3.89	3.49	1.67	1.48	-0.14	1.71	-1.38
452	2	-0.41	1.12	0.81	-1.26	0.08	0.74	2.03	1.56	2.08	4.22	3.49	3.24	3.73	4.22	1.99	2.31	1.12	-1.05	1.11	0.45	0.23
453	2	-1.38	-0.17	-0.06	0.34	-0.66	0.59	1.84	2.23	4.46	5.68	4.9	5.29	2.83	3.64	1.9	0.77	0.35	1.88	-0.39	0.39	-1.19
454	2	1.31	-0.28	2.08	1.26	1.77	-1	1.42	1.74	3.88	2.3	2.79	3.86	4.18	3.58	1.49	0.92	1.97	1.26	0.59	-0.22	-0.05
455	2	-0.78	-1.16	-0.37	0.51	0.1	-0.02	0.42	0.19	0.37	2.29	2.51	3.16	5.02	3.5	5.77	4.56	3.1	3.56	0.67	1.73	0.58
456	2	-0.27	0.18	0.42	0.68	-1.14	2.11	-0.45	1.61	1.6	2.73	2.36	3.58	3.93	3.99	6.44	5.14	3.34	1.55	2.22	2.23	-1.3
457	2	0.24	-1.09	-1.92	1.28	0.71	1.23	0.31	0.08	2.02	2.91	4.53	3.4	3.22	4.7	3.69	3.57	1.2	0.51	1.32	1.48	0.15
458	2	-1.85	-1.65	0.15	-0.81	-1.24	1.83	0.52	0.21	0.5	1.7	0.93	3.28	2.98	2.83	5.91	6.34	4.07	4.24	2.15	2.44	-0.16
459	2	-1.17	-1.3	-0.48	0.94	0.66	0.49	0.15	-1.74	0.82	-1.04	2.62	2.2	3.61	4.11	5.11	6.28	4.11	3.07	1.27	-0.42	-0.36
460	2	2.66	-0.15	0.35	0.5	0.2	0.05	1.3	1.9	2.32	3.5	2.91	5.98	3.48	3.19	3.16	3.05	1.72	1.27	2.09	-0.47	0.57
461	2	-0.87	1.05	-0.83	0.33	-0.57	0.55	-0.48	0.36	4.27	2.61	3.05	3.34	2.29	3.92	3.84	3.98	1.08	1.21	2.7	-0.16	-0.17
462	2	-1.47	0.61	0.52	0.99	0.37	1.96	2.47	0.54	1.68	4.25	4.52	2.96	3.14	3.89	1.1	2.42	2.01	0.78	-0.33	0.35	-0.7
463	2	0.22	1.31	0.41	-1.4	-1.25	-0.59	1.4	2.12	2.47	5.24	3.51	5.77	3.14	2.2	3.32	2.85	0.89	0.6	1.1	-0.25	-0.3
464	2	1.29	0.16	0.7	-0.02	0.51	0.91	0.84	0.42	0.43	2.82	2.77	2.88	2.77	5.82	6.27	4.33	2.29	2.11	1.44	-1.08	0.22
465	2	0.55	-0.72	0.52	-1.2	0.48	2.16	2.94	2.12	3.7	4.69	6.46	2.94	2.95	3.12	1.94	1.87	0.78	-0.58	-0.04	-0.54	-1.1
466	2	1.22	0.12	1.88	0.88	-0.56	1.47	0.89	3.22	4.05	5.07	6.41	5.25	3.56	2.09	2.74	1.17	-1.1	0.59	-1.79	-0.34	1.76
467	2	-0.72	-0.44	-0.39	-0.12	0.43	1.55	-0.3	0.42	0.45	1.79	1.72	3.95	2.83	5.46	4.4	4.07	2.21	2.66	2.47	1.19	0.26
468	2	0.75	-1.76	-0.33	-0.83	0.2	1.84	-1.62	0.49	0.73	3.29	2.79	3.78	3.25	4.69	4.48	4.21	4.16	2.86	0.25	0.54	-0.99
469	2	-0.48	-1.86	-1.42	-0.06	-0.18	0.9	-2.3	-1.4	0.21	0.6	3.42	3.91	2.94	5.7	4.52	4.54	2.81	1.36	4.27	1.34	0.42
470	2	-0.71	-1.92	-2.19	0.17	-0.42	1.11	0.96	0.96	3.2	3.92	4.11	3.6	4.34	2.79	3.41	3.6	2.32	0.61	0.87	0.34	0.42
471	2	0.62	-1	-0.32	0.26	-0.39	-0.02	0.03	1.49	0.85	1.71	3.25	4.33	4.33	2.43	5.27	3.68	4.26	2.12	1.11	2.59	-0.94
472	2	-0.76	-1.26	0.82	-1.41	1.48	-0.62	-1.12	2.3	1.91	2.97	4.63	3.32	5.42	5.45	3.15	5.79	3.08	1.04	1.14	0.29	0.31
473	2	-0.08	-0.5	-0.65	-1.24	-0.83	1.32	1.85	1.11	2.85	3.85	5.31	4.49	3.89	2.97	6.19	1.29	1.65	3.18	2.77	1.29	-1.45
474	2	0.51	-0.13	-0.71	-0.39	0.17	1.27	0.02	2.83	3.39	3.13	3.72	3.61	4.63	2.79	4.46	1.44	1.78	1.98	2.02	-1.42	-0.57
475	2	-0.62	-1.45	-1.61	1.51	1.35	0.83	-1.52	0.28	2.98	4.78	4.74	3.84	2.54	3.8	5.1	2.1	3.13	1.28	-0.7	0.43	-1
476	2	1.02	-0.36	2.07	0.21	-0.39	0.66	1.65	3.79	3.52	4.05	4.16	4.84	4.86	4.01	2.31	1.74	1.24	3.67	0.87	-0.28	0.02
477	2	0.63	0.07	0.07	-1.61	-0.01	-0.05	1.73	1.35	2.52	2.85	3.61	2.9	4.57	6.78	3.88	3.6	1.78	3.42	0.31	0.84	-0.57
478	2	-0.59	0.88	1.11	0.01	-1.26	1.34	1.02	2.87	1.39	0.6	1.03	2.91	3.25	5.63	3.07	3.29	3.47	0.37	0.3	-0.87	-0.55
479	2	-1.68	0.15	-0.93	1.77	-0.59	1.1	2.81	2.13	2.67	2.2	4.6	5.21	5	3.06	3.33	4.72	0.57	0.07	0.83	0.27	-0.25
480	2	0.52	-0.75	-0.47	2.39	-0.37	0.97	-1.37	1.28	0.55	3.44	1.27	4.27	5.23	4.01	4.08	5.5	3.78	2.82	2.67	1.19	1.08
481	2	-0.38	-0.06	0.37	0.17	0.61	1.33	1.9	-0.45	1.52	3.3	2.54	2.5	3.68	3.53	3.72	2.86	2.39	2.5	1.35	0.15	-0.35
482	2	-0.43	-0.47	0.28	-0.05	-1.08	1.38	0.34	1.11	0.55	2.23	3.18	1.31	4.12	6.28	7.42	3.25	2.7	0.32	2.55	0.78	0.27
483	2	-0.2	-0.78	0.32	0.15	-1.3	-0.49	0.56	-0.64	1.12	1.74	2.43	2.4	3.37	4.7	5.7	3.07	2.52	2.13	1.69	-0.41	-0.09
484	2	0.25	0.92	0.18	-0.54	-0.12	0.32	1.79	-0.03	0.95	1.72	2.88	2.38	3.72	4.58	5.94	6.31	3.49	2.1	2.61	2.66	0.72
485	2	0.34	-1.05	-0.8	-0.31	-1.05	0.97	1.51	1.17	-0.1	3.33	3.14	2.48	4.69	4.09	2.34	0.91	0.95	1.89	1.21	1.35	1.85
486	2	-0.14	-0.79	2.15	-0.3	-0.02	-1.31	-0.46	1.47	-0.46	2.49	3.63	2.97	4.17	5.11	5.54	4.41	3.15	3.81	0.49	1.39	0.26
487	2	-0.95	-0.99	-1.77	-2.43	-0.55	0.94	1.68	2.84	4.89	4.75	5.02	5.88	4.06	2.01	3.28	1.04	-0.2	0.86	-0.01	0.75	-1.71
488	2	-0.54	-2.05	-0.91	0.18	0.61	2.2	-0.96	3.27	0.16	1.08	3.43	3.84	4.4	5.3	4.02	2.1	2.39	3.02	2.45	1.89	1.14
489	2	-0.77	-0.44	-0.92	1.06	0.44	-0.2	1.36	1.46	0.23	1.99	3.43	2.85	4.4	3.26	4.69	5.56	2	2.83	0.01	4.28	-0.06
490	2	-1.11	1.01	-0.26	0.86	2.31	0.33	0.54	-0.64	-0.59	2.78	4.54	4.89	4.55	2.94	5.79	5.02	2.01	2.94	2	-0.63	-1.08
491	2	0.23	0.51	0.06	-0.13	-0.99	0.4	-0.32	0.9	2.4	3.34	4.55	4.19	3.86	5.13	3.08	1.95	3.7	-0.61	-1.3	0.71	0.54
492	2	-0.49	-1.05	-1.62	0.45	0.84	1.06	1.91	0.65	1.54	4.58	4.69	5.56	2.9	1.42	4.14	1.95	-1.62	-0.93	2.91	-1.51	0.3
493	2	-0.57	0.7	0.25	1.2	1.98	-0.88	1.16	0.92	1.8	1.64	1.48	4.5	2.16	5.73	5.56	4.27	5.18	1.35	0.63	1.39	0.81
494	2	1.23	-0.23	0.71	-1.41	1.34	-0.02	1.68	1.49	2.62	5.03	3.14	2.73	4.7	2.31	2.4	2.57	2.48	1.79	0.58	0	-0.13
495	2	0.24	-1.49	-0.87	1.24	0.33	0.78	1.93	0.83	2.47	3	4.75	3.78	4.99	2.29	4.67	4.68	0.75	2.09	-0.98	0.09	1.05
496	2	-0.71	0.05	0.74	-0.25	0.64	0.08	0.53	3.41	3.71	4.95	5.15	5.04	4.23	4.03	1.04	0.68	0.89	1.42	-0.19	0.02	-1.25
497	2	-1.12	0.68	0.14	-1.04	0.49	0	2.44	2.79	4.83	3.09	5.61	5.08	4.61	2.94	1.19	2.62	0.97	0.09	0.1	0.42	-1.46
498	2	-1.31	0.57	1.29	0.69	-1.83	1.24	-0.48	-1.3	0.34	1.13	4.27	4.36	3.59	6.06	2.67	3.77	2.7	1.84	1.11	1.26	0.32
499	2	-0.31	0.34	-0.16	-0.99	0.35	0.29	0.36	3.13	2.04	3.36	3.84	3.06	3.26	5.34	3.66	3.57	2.09	2.6	1.1	1.44	-0.26
500	2	-1.14	-0.07	-0.3	1.01	1.14	0.11	1.56	0.57	1.65	4.17	3.33	6.88	3.89	5.26	4.72	3.72	2.42	0.73	2.25	0.94	0.19
501	2	-2.81	-0.43	1.16	1.68	0.21	-0.49	0.46	0.88	1.05	0.64	3.9	4.34	2.14	4.69	3.23	0.77	0.63	2.42	0.7	1.24	0.11
502	2	0.45	-1.48	-0.36	-1.93	-0.8	-0.77	0.94	3.93	2.97	4.51	5.68	5.33	3.3	3.32	2.19	-0.13	-0.61	-0.32	1.61	-0.54	-2.83
503	2	-0.13	-0.39	0.06	2.01	-1.37	0.03	3.47	3.31	3.19	3.12	3.4	5.95	3.88	5.31	2.8	2.26	1.73	-0.67	1.32	0.68	-0.49
504	2	1.78	0.25	0.68	0.91	-0.53	-0.38	1.52	1.57	4.59	5.14	5.21	4.9	3.03	3.37	1.22	3.46	1.22	2.42	-1.31	1.48	-0.52
505	2	0.82	1.51	0.29	-0.11	0.39	-0.81	-0.12	-0.34	-0.4	0.62	2.26	2.91	5.04	3.92	5.16	5.59	3.96	3.84	1.26	2.2	-0.18
506	2	-0.17	-0.52	0.86	1.92	-0.5	1.27	1.98	2.37	4.77	4	7.58	5.29	4.56	2.01	1.73	-0.6	0.51	1.23	1.07	-1.08	0.01
507	2	0.38	0.55	0.08	-0.6	-0.68	1.38	0.27	0.61	-0.02	1.95	1.42	3.99	4.44	6.56	2.93	4.24	2.33	2.38	1.53	-0.13	0.95
508	2	-0.63	0.45	0.41	-0.46	0.78	1.77	0.8	2.84	2.61	4.86	5.92	3.43	5.04	1.17	4.26	1.81	2	0.36	1.49	-0.42	-0.32
509	2	0.33	0.33	-1.5	-1.64	-0.33	2.39	-0.16	3.25	0.55	1.41	4.08	3.89	4.27	3.85	4.03	3.54	3.35	0.85	1.09	-3.25	-1.36
510	2	0.4	-1.17	-1.51	0.88	-1.66	0.94	0.28	2.01	5.91	5.37	6.41	4.01	3.89	1.24	3.36	2.06	0.81	-1.05	0.85	1.24	0.87
511	2	-1.29	0.09	-0.44	0	0.23	0.88	1.12	3.28	4.25	5.82	4.74	5.84	4.89	3	2.26	0.05	-0.81	0.58	-0.14	0.5	-1.01
512	2	0.66	-0.86	0.48	0.29	-1.02	0.64	1.84	1.74	3.85	2.06	5.77	3.96	3.7	3.07	2.84	3.15	0.91	1.38	0.82	0.26	-1.27
513	2	-1.68	0.78	-0.21	-1.3	-0.4	1.07	0.55	4.11	4.69	4.96	5.5	6.31	5.1	5.8	2.64	1.96	-1.93	-0.3	1.04	-0.32	0.49
514	2	-1.48	-1.06	-0.61	-0.77	-0.23	1.95	0.54	4.53	2.88	7.17	4.07	4.49	4.33	3.02	1.01	1.77	-2.6	-1.14	-0.54	0.31	-1.11
515	2	0.72	-1.19	-1.81	-0.87	-0.58	0.52	1.5	1.76	1.21	3.2	2.97	4.73	3.46	3	5.17	1.64	2.57	3.19	0.69	1.41	0.37
516	2	-0.23	0.52	0.81	-0.4	-0.41	-1.17	1.06	0.31	0.58	0.21	2.82	3.07	4.29	5.34	6.19	3.94	2.76	2.33	0.41	0.78	-0.15
517	2	0.42	-0.48	0.26	0.18	-1.54	0.35	1.67	1.72	3.59	4.33	4.64	5.19	2.39	3.74	4.75	1.82	1.57	0.53	-0.07	-0.9	0.11
518	2	-0.54	0.93	-0.45	1.09	1.34	0.09	-0.33	2.57	1.71	3.28	3.15	3.1	2.5	3.97	3.12	3.91	2.9	2.92	-1.14	2.7	-0.01
519	2	0.53	-0.48	-0.18	-0.35	0.03	1.53	2.67	2.2	2.84	3.13	6.13	4.04	3.65	2.25	3.02	1.21	-1.01	-0.07	1.78	-1.82	0.46
520	2	-0.15	-0.47	-0.92	-0.19	-0.65	1.78	-1.09	1.23	-0.12	1.24	2.47	2.88	4.71	4.44	4.63	5.58	2.76	2.99	1.64	0.33	0.45
521	2	0.9	-0.68	-2.37	0.06	-0.99	1.62	2.54	4.04	4.23	3.84	5.06	4.6	5.54	3.7	3.13	0.9	1.02	0.16	0.31	0.94	-1.06
522	2	1.31	-0.19	-0.12	0.44	-0.84	-1.04	0.38	1.26	3.26	1.13	3.83	2.46	3.74	3.64	4.6	3.88	4.24	3.72	-0.39	0.15	-1.89
523	2	2.52	-0.46	-1.14	1.02	0.34	1.36	-1.65	1.7	1.05	2.02	2.95	4.44	3.46	4.08	4.91	6.57	3.12	0.41	0.93	-2.2	-0.11
524	2	1.43	0.51	-0.53	-1.46	-0.34	0.9	1.03	2.83	4	4.07	3.99	3.74	2.48	2.94	3.12	0.99	0.24	1.82	-0.31	0.18	-0.6
525	2	2	-0.56	-0.1	0.12	0.6	0.99	-1.16	1.36	2.02	2.19	2.92	6.95	3.48	4.1	2.33	0.97	2.58	2.71	1.51	2.27	-0.32
526	2	-0.5	0.71	-0.54	0.43	0.43	0.67	2.14	2.96	4.1	2.93	3.15	3.69	4.57	4.73	3.51	2.31	0.34	-0.29	-0.46	-1.46	0.01
527	2	-1.16	1.26	-1.17	0.99	1.16	0	1.94	1.94	0.36	2.36	2.83	3.19	3.42	4.62	5.45	5.17	5.36	1.43	1.27	0.93	-0.94
528	2	-0.9	-1.68	-0.07	-0.81	-1.59	0.88	-0.76	-0.55	1.98	2.21	3.92	4.92	5.42	4.75	6.19	4.76	3.98	1.59	1.03	0.74	1.39
529	2	-0.94	-0.18	-1.21	-0.46	-1.28	0.11	2.02	2.95	3.03	3.65	4.87	6.3	4.38	3.68	1.39	0.51	0.21	-0.88	0.23	0.17	1.83
530	2	0.49	0.28	2.29	-1.4	1.96	1.29	2.49	3.14	3.72	5.39	6.19	5.94	3.09	3.25	3.3	0.95	0.64	-0.52	0.62	-1.06	0.84
531	2	0.79	-1.56	-1.34	-0.3	-0.21	1.58	1.01	1.77	3.35	1.58	4.7	3.97	4.88	2.76	4.67	4.4	4.41	-0.6	-0.15	1.24	-0.65
532	2	-0.37	-0.14	-0.33	0.35	-1.26	0.89	1.73	2.11	2.69	5.41	4.48	5.53	4.08	2.51	3.34	2.08	0.22	-0.82	0.04	0.17	-0.56
533	2	-0.34	0.41	-0.24	-0.97	1.02	0.34	0.42	2.38	-0.21	0.48	4.5	4.21	3.69	4.79	3.94	3.74	3.81	3.09	1.6	1.07	2.39
534	2	0.68	-0.93	-0.1	-0.83	-1.5	2.06	0.09	1.42	1.76	3.38	4.6	3.59	4.36	5.56	3.23	4.42	3	1.39	-0.05	0.58	0.78
535	2	1.59	0.18	0.1	-0.35	0.19	0.78	2.51	3.07	2.57	1.71	4.7	3.43	4.2	2.54	3.12	2.92	1.41	1.23	1.4	0.52	1.04
536	2	0.42	0.17	0.95	1.99	0.56	0.29	2.31	1.26	3.75	5.12	5.46	2.86	4.7	3.77	1.03	2.52	1.14	0.43	-0.1	-0.06	0.53
537	2	-0.58	0.2	0.18	1.68	0.61	-0.16	0.47	0.69	-0.28	2	3.86	2.7	5.1	5.43	5.16	6.29	4.92	3.33	1.91	-0.02	0.85
538	2	-0.37	0.24	-1.53	1.12	2.49	0.97	0.33	1.97	2.73	3.09	3.73	6.15	2.97	3.13	2.21	2.03	1.86	0.89	2.01	-1.57	0.33
539	2	1.64	0.37	-0.21	1.23	1.69	0.24	2.25	0.1	0.83	3.29	3.27	3.36	3.17	6.46	4.91	5.08	2.78	1.19	1.09	-1.11	-0.41
540	2	-1.42	0.59	-0.83	1.26	1.33	0.75	2.27	1.87	3.53	1.81	3.94	4.36	2.95	3.19	3.58	2.78	2.27	0.09	1.74	2.66	-1.19
541	2	1.76	-0.77	0.67	-0.02	1.2	0.25	2.02	0.94	4.1	1.33	3.71	3.47	5.05	4.49	4.37	3.73	1.95	1.93	0.16	0.69	0.4
542	2	0.7	-0.64	0.21	0.9	-0.36	-0.48	2.53	-0.01	2.87	0.44	5.15	3.95	4.61	4.2	2.01	1.89	2.01	2.19	2.64	1.19	-1.81
543	2	0.85	0.73	-1.01	0.22	2.54	1.78	1.03	2.18	1.86	4.53	4.06	2.64	3.83	4.13	2.12	0.76	0.41	1.01	1.33	1.16	-0.61
544	2	0.38	0.75	-0.37	-0.1	0.57	0.5	2.44	2.22	4.63	2.26	4.33	3.98	6	6.41	4.06	2.31	1.9	0.3	0.96	0.38	-0.53
545	2	0.65	-1.44	0.37	0.14	0.09	0.59	0.93	2.94	1.61	1.79	3.75	5.76	4.55	4.22	4.38	2.69	2.19	0.4	1.74	1.07	0.91
546	2	-0.29	-0.79	-1.03	0.18	-0.94	1.28	2.75	2.9	2.75	4.26	4.23	4.4	4.67	2.57	1.17	2.11	-0.4	-1.72	0.6	0.88	0.13
547	2	0.94	-0.43	1.65	-0.22	-0.48	0.66	0.6	2.49	3.22	4.26	3.77	4.89	3.45	2.82	1.99	2.06	2.04	1.31	0.27	1.59	0.07
548	2	0.3	1.69	0.2	0.18	0.36	-0.56	1.27	1.44	2.17	0.91	2.56	4.54	5.66	4.24	3.84	4.02	2.7	1.31	1.99	1.08	-0.11
549	2	1.23	0.72	-2.04	0.99	1.18	0.31	2.03	2.76	3.38	6.31	5.62	2.73	5.77	3.92	2.56	-0.29	-0.03	1.3	-0.16	1.1	-0.02
550	2	0.87	0.45	0.24	0.97	0.15	0.17	1.44	0.02	0.98	0.96	3.78	2.16	4.42	3.54	4.85	1.72	2.52	2.36	-0.24	2.73	-1.15
551	2	-0.4	0.42	0.08	-1.14	-0.14	0.12	-0.02	1.87	0.49	1.52	2.99	4	3.89	4.65	5.29	4.74	2.43	3.07	2.91	0.6	-0.75
552	2	0.32	-0.71	0.75	0.54	1.3	-0.17	-0.04	0.22	-0.04	2.56	1.98	3.63	4.73	4.88	5.7	5.02	1.95	2.62	1.77	0.05	-1.11
553	2	-0.25	0.91	-0.64	0.93	-2.13	0.19	1.87	2.22	3.84	4.96	7	4.87	3.19	2.18	2.94	0.07	-0.61	-0.11	-0.04	-1.27	0.1
554	2	0.47	-1.57	-0.5	0.41	0.87	-0.35	1.9	1.89	-0.63	2.54	2.74	3.2	4.73	5.7	3.74	4.14	3.43	3.73	3.39	0.44	-0.57
555	2	0.27	0.99	-0.43	-0.48	-0.31	0.67	1.43	2.23	3.23	4.83	3.33	4.47	4.69	2	1.85	1.48	1.08	1.33	0.56	-0.08	0.19
556	2	1.44	-0.44	-0.05	0.24	-0.9	1.2	0.67	0.16	1.09	1.75	2.91	3.44	4.42	5.77	5.72	3.72	2.45	0.4	2.1	1.72	1.44
557	2	-1.34	2.16	-0.75	0.75	-0.17	1.33	1.7	2.47	0.71	1.86	2.92	3.2	3.96	6.5	6.12	4.58	2.55	2.79	2.17	2.34	-0.24
558	2	-1.65	0.04	-1.3	-0.19	-0.29	0.22	0.16	1.83	1.12	4.28	3.44	4.08	3.1	3.17	2.05	3.46	0.07	-1.67	0.25	0.36	0.18
559	2	2.01	-1.71	0.97	0.26	1.03	1.09	2.44	0.42	3.04	3.18	4.07	3.87	6.16	2.53	3.41	2.27	2.34	2.53	0.57	-1.79	1.91
560	2	-0.18	-0.46	1.14	-1.79	0.2	1.13	1.32	1.9	2.9	3.82	4.87	2.78	4.3	4.32	2.37	2.18	-1.45	1.71	0.3	0.6	0.75
561	2	0.6	-0.3	0.92	0.73	-1.31	1.01	0.56	2.24	2.8	4.24	4.4	3.65	4.23	3.47	2.8	2.27	0.6	0.49	1.84	0.32	-0.08
562	2	-0.9	-1.19	-0.36	0.23	0.34	0.36	-0.28	1.8	2.21	2.74	3.24	5.89	3.37	6.09	2.89	1.56	3.33	2.07	1.07	-0.07	1.67
563	2	1.13	-0.26	1	0.8	0.42	0.9	1.32	0.08	1.36	1.11	4.2	5.08	4.4	2.33	4.77	5.61	3.41	2.35	2.9	0.11	-0.57
564	2	-1.21	1.26	0.99	0.61	1.16	-0.08	-0.27	1	1.67	2.13	3.5	3.52	2.93	3.52	5.34	3.54	1.62	1.42	2.62	1.39	-1.9
565	2	2.23	-0.28	-0.51	-0.46	0.88	1.36	1.36	3.12	3.09	4.13	5.14	4.15	4.34	5.47	2.93	2.58	1.99	1.96	1.31	1.03	1.04
566	2	1.99	-1.44	0	-3.05	-0.07	-0.45	2.42	1.03	1.76	2.03	4.14	6.39	3.44	2.51	2.84	4.29	1.21	1.4	-0.16	-0.56	-2.06
567	2	0.28	-0.41	-1.05	-1.9	1.26	-0.13	0.66	-0.67	0.45	2.42	3.06	1.39	5.17	4.53	5.75	2.03	3.94	1.45	2.77	1.05	0.04
568	2	0.46	-0.3	1.35	0.73	-0.34	-0.52	0.4	1.78	3.74	3.39	3.42	2.83	4.06	4.95	5.18	1.82	0.44	1.99	0.55	-0.48	-1
569	2	0.34	1.18	1.05	1.6	0.28	-0.36	0.27	-0.11	2.19	1.24	1.38	4.85	4.66	3.44	4.72	2.55	1.87	2.12	1.71	-0.23	1.08
570	2	-1.6	0.79	-0.81	-0.45	-0.79	2.78	1.33	3.17	3.36	5.05	3.77	3.95	5.28	4.57	4.1	3.03	1.9	1.38	-0.18	-1.07	1.48
571	2	-0.45	-0.05	1.4	0.4	0.46	-0.6	1.8	0.67	1.62	4.88	6.51	2.99	4.49	3.54	1.6	1.19	-0.62	0.85	1.82	0.59	0.27
572	2	-0.3	1.15	0.85	0.61	-0.34	0.06	0.97	2.14	2.2	5.81	2.64	5.08	2.67	3.5	3.28	2.39	1.05	-1.46	-0.65	0.95	1.28
573	2	-0.38	2.1	-1.44	-0.31	0.88	0.01	0.58	3.01	1.93	6.18	3.41	5.09	3.35	3.21	2.33	2.02	1.38	1.43	1.63	-0.34	0.46
574	2	-1.63	1.82	1.04	-0.94	-2.14	-2.06	0.63	0.93	0.94	-0.32	1.96	2.6	4.01	1.94	4.91	4.71	2.88	2.73	1.49	1.58	-1.26
575	2	0.33	1.05	1.03	-1.16	-2.53	0.25	0.56	1.71	2.2	2.11	4.35	3.02	4.11	5.45	3.54	2.93	1.7	2.98	0.64	2.28	0.67
576	2	1.04	0.99	0.78	0.39	-0.05	0.59	0.58	0.57	-0.01	1.37	3.05	3.03	2.63	5.95	5.76	3.32	3.85	2.78	3.48	-0.13	0.9
577	2	0.62	0.88	-0.73	-0.66	-0.57	0.85	0.71	1.63	1.62	4.8	3.54	3.67	3.92	3.66	2.81	3.33	2.98	0.61	-0.91	0.44	0.54
578	2	0.06	0.25	1.58	0	1.12	-0.36	2.14	0.1	0.7	2.99	2.42	3.3	3.73	5.65	5.23	2.6	2.48	3.17	1.43	-0.29	-0.11
579	2	-0.07	-0.03	-0.1	-0.41	-0.98	1.7	1.14	2.4	0.48	2.58	1.76	3.49	4.04	3.48	5.48	3.01	2.88	2.09	-0.78	-0.13	0.98
580	2	-1.12	0.37	0.68	-2.31	-1.23	-0.35	-0.69	2.54	1.74	3.53	1.91	5.86	3.34	3.52	3.39	4.13	2.29	1.67	0.93	0.47	0.6
581	2	-0.95	-1.27	-0.85	0.44	-0.35	-0.74	1.69	0.48	2.19	1.49	3.05	3.45	5.02	6.11	4.88	4.88	3.37	2.01	1.62	0.02	-0.58
582	2	1.13	-0.68	-1.94	-1.15	1.7	1.25	0.28	0.28	0.28	1.85	2.02	5.21	4.26	3.83	6.97	3.81	1.73	3.52	0.86	0.94	-1.21
583	2	0.57	-1.42	-0.47	-0.91	-0.68	0.67	-0.08	1.22	1.73	3.62	5.09	3.11	4.12	4.08	2.98	2.73	3.08	-0.7	0.7	1.69	1.32
584	2	0.02	2.42	0.54	-1	-0.7	-0.14	2.18	0.72	3.22	2.06	4.99	2.21	2.94	4.55	3.36	3.13	0.56	1.67	0.43	-0.92	-1.56
585	2	-0.37	-1.05	0.05	-0.33	1.77	-0.49	1.3	-0.21	0.77	0.48	2.03	2.11	4.35	5.53	4.66	4.93	4.01	4.46	2.12	0.22	0.12
586	2	-0.28	0.65	0.75	0.31	0.96	0.89	2.78	1.94	3.86	5.09	4.91	4.07	4.12	1.67	3.76	1.84	3.74	2.73	1.05	-0.52	-1.41
587	2	-0.96	1.15	0.22	-0.86	1.19	2.1	3.33	0.61	0.6	3.72	3.15	2.68	5.27	5.39	4.11	3.68	2.32	2.24	0.66	1.22	-1.19
588	2	0.18	-0.81	2.51	-0.58	-1.05	1.82	3.76	3.59	4.34	3.34	6.65	5.66	4.3	4.07	1.59	1.98	-1.01	-0.53	0.85	0.11	-0.93
589	2	-0.81	-0.13	-0.99	2.2	0.11	0.12	0.24	1.11	1.15	2.35	3.4	5.65	2.87	4.08	3.07	4.49	1.71	1.75	0.91	0.45	1.65
590	2	0.91	0.99	0.28	0.63	-1.34	1.3	2.41	2.16	3.98	3.78	5.12	4.62	3.75	3.86	2.9	2.14	-1.67	-1.43	-0.52	0.01	-0.39
591	2	0.41	-0.26	0.15	-1.27	0.01	-1.12	0.97	3.62	1.52	2.4	5.26	4.49	3.54	3.48	4.25	3.06	0.99	0.26	0.19	1.76	-0.62
592	2	1.14	-0.04	-0.89	0.27	-0.86	0.97	-0.31	1.08	1.74	0.7	4.43	3.95	4.87	4.07	5.52	1.41	2.3	2.52	2.72	0.07	-1.41
593	2	0.38	0.59	1.1	0.11	-0.56	0.76	0.46	1.29	2.96	4.55	6.59	3.97	3.93	3.18	2.93	1	0.64	2.44	0.39	0.59	-0.3
594	2	-1.02	-0.36	0.15	1.34	0.05	0.58	1.68	3.63	2.71	3.67	7.17	4.16	4.05	3.2	1.81	2.14	0.02	-0.54	-0.22	-0.02	-3.46
595	2	-0.5	0.79	-1.39	0.19	-0.4	1.15	2.01	2.37	5.03	3.72	2.92	2.28	4.66	3.76	2.37	2.57	1.52	1.46	1.45	-0.02	0.53
596	2	0.57	0.46	0.87	-0.74	-0.17	2.45	1.53	0.82	5.1	4.61	5.09	4.73	4.3	4.56	3.05	1.83	-0.52	0.96	-0.67	-1.36	0.92
597	2	0.61	1.22	0.5	2.48	0.01	2.08	0.17	2.59	0.24	3.52	5.57	5.1	3.66	4.46	2.14	3.9	2.3	0.56	0.42	3.5	0.75
598	2	0.92	1.07	0.46	-0.88	-0.55	-0.2	0.14	-0.02	1.75	2.25	2.46	3.68	3.53	3.05	6.19	3.63	3.7	2.94	2.83	0.52	0.71
599	2	1.08	0.42	1.22	0.8	0.07	1.51	-0.97	-1.88	0.08	0.74	2.48	2.33	4.12	4.43	5.35	4.87	5.67	3.15	1.5	1.33	0.1
600	2	0.78	1.14	0.25	-0.24	0.06	1.08	-0.87	2.77	2.85	4.2	3.06	2.45	3.82	3.28	3.29	1.3	0.61	2.09	-1.28	0.3	-1.23
